D4=[...
-107.700E+00,+5.367E+00,+1.119E+00
-107.600E+00,+5.367E+00,+1.119E+00
-107.500E+00,+5.367E+00,+1.119E+00
-107.400E+00,+5.367E+00,+1.119E+00
-107.300E+00,+5.367E+00,+1.119E+00
-107.200E+00,+5.367E+00,+1.119E+00
-107.100E+00,+5.367E+00,+1.119E+00
-107.000E+00,+5.367E+00,+1.119E+00
-106.900E+00,+5.367E+00,+1.119E+00
-106.800E+00,+5.367E+00,+1.119E+00
-106.700E+00,+5.367E+00,+1.119E+00
-106.600E+00,+5.367E+00,+1.119E+00
-106.500E+00,+5.367E+00,+1.119E+00
-106.400E+00,+5.367E+00,+1.119E+00
-106.300E+00,+5.367E+00,+1.119E+00
-106.200E+00,+5.367E+00,+1.119E+00
-106.100E+00,+5.367E+00,+1.119E+00
-106.000E+00,+5.367E+00,+1.119E+00
-105.900E+00,+5.367E+00,+1.119E+00
-105.800E+00,+5.367E+00,+1.119E+00
-105.700E+00,+5.367E+00,+1.119E+00
-105.600E+00,+5.367E+00,+1.119E+00
-105.500E+00,+5.367E+00,+1.119E+00
-105.400E+00,+5.367E+00,+1.119E+00
-105.300E+00,+5.367E+00,+1.119E+00
-105.200E+00,+5.367E+00,+1.119E+00
-105.100E+00,+5.367E+00,+1.119E+00
-105.000E+00,+5.367E+00,+1.119E+00
-104.900E+00,+5.367E+00,+1.119E+00
-104.800E+00,+5.369E+00,+1.119E+00
-104.700E+00,+5.367E+00,+1.119E+00
-104.600E+00,+5.369E+00,+1.119E+00
-104.500E+00,+5.369E+00,+1.119E+00
-104.400E+00,+5.369E+00,+1.119E+00
-104.300E+00,+5.369E+00,+1.119E+00
-104.200E+00,+5.369E+00,+1.119E+00
-104.100E+00,+5.369E+00,+1.119E+00
-104.000E+00,+5.369E+00,+1.119E+00
-103.900E+00,+5.369E+00,+1.119E+00
-103.800E+00,+5.369E+00,+1.119E+00
-103.700E+00,+5.369E+00,+1.119E+00
-103.600E+00,+5.369E+00,+1.119E+00
-103.500E+00,+5.369E+00,+1.119E+00
-103.400E+00,+5.369E+00,+1.119E+00
-103.300E+00,+5.371E+00,+1.121E+00
-103.200E+00,+5.371E+00,+1.121E+00
-103.100E+00,+5.371E+00,+1.121E+00
-103.000E+00,+5.371E+00,+1.121E+00
-102.900E+00,+5.371E+00,+1.121E+00
-102.800E+00,+5.371E+00,+1.121E+00
-102.700E+00,+5.371E+00,+1.121E+00
-102.600E+00,+5.371E+00,+1.121E+00
-102.500E+00,+5.371E+00,+1.121E+00
-102.400E+00,+5.371E+00,+1.121E+00
-102.300E+00,+5.371E+00,+1.121E+00
-102.200E+00,+5.371E+00,+1.121E+00
-102.100E+00,+5.371E+00,+1.121E+00
-102.000E+00,+5.371E+00,+1.121E+00
-101.900E+00,+5.369E+00,+1.121E+00
-101.800E+00,+5.369E+00,+1.121E+00
-101.700E+00,+5.369E+00,+1.121E+00
-101.600E+00,+5.369E+00,+1.121E+00
-101.500E+00,+5.369E+00,+1.121E+00
-101.400E+00,+5.369E+00,+1.121E+00
-101.300E+00,+5.369E+00,+1.121E+00
-101.200E+00,+5.369E+00,+1.121E+00
-101.100E+00,+5.369E+00,+1.121E+00
-101.000E+00,+5.369E+00,+1.121E+00
-100.900E+00,+5.369E+00,+1.121E+00
-100.800E+00,+5.369E+00,+1.121E+00
-100.700E+00,+5.369E+00,+1.121E+00
-100.600E+00,+5.369E+00,+1.121E+00
-100.500E+00,+5.369E+00,+1.121E+00
-100.400E+00,+5.369E+00,+1.121E+00
-100.300E+00,+5.369E+00,+1.121E+00
-100.200E+00,+5.369E+00,+1.121E+00
-100.100E+00,+5.369E+00,+1.121E+00
-100.000E+00,+5.369E+00,+1.121E+00
-99.900E+00,+5.369E+00,+1.121E+00
-99.800E+00,+5.369E+00,+1.121E+00
-99.700E+00,+5.369E+00,+1.121E+00
-99.600E+00,+5.369E+00,+1.121E+00
-99.500E+00,+5.369E+00,+1.121E+00
-99.400E+00,+5.369E+00,+1.121E+00
-99.300E+00,+5.369E+00,+1.121E+00
-99.200E+00,+5.369E+00,+1.121E+00
-99.100E+00,+5.369E+00,+1.121E+00
-99.000E+00,+5.369E+00,+1.121E+00
-98.900E+00,+5.369E+00,+1.121E+00
-98.800E+00,+5.369E+00,+1.121E+00
-98.700E+00,+5.369E+00,+1.121E+00
-98.600E+00,+5.369E+00,+1.121E+00
-98.500E+00,+5.369E+00,+1.121E+00
-98.400E+00,+5.369E+00,+1.121E+00
-98.300E+00,+5.369E+00,+1.121E+00
-98.200E+00,+5.369E+00,+1.121E+00
-98.100E+00,+5.369E+00,+1.121E+00
-98.000E+00,+5.369E+00,+1.121E+00
-97.900E+00,+5.369E+00,+1.121E+00
-97.800E+00,+5.369E+00,+1.121E+00
-97.700E+00,+5.369E+00,+1.121E+00
-97.600E+00,+5.369E+00,+1.121E+00
-97.500E+00,+5.369E+00,+1.121E+00
-97.400E+00,+5.369E+00,+1.121E+00
-97.300E+00,+5.369E+00,+1.121E+00
-97.200E+00,+5.369E+00,+1.121E+00
-97.100E+00,+5.369E+00,+1.121E+00
-97.000E+00,+5.369E+00,+1.121E+00
-96.900E+00,+5.369E+00,+1.121E+00
-96.800E+00,+5.369E+00,+1.121E+00
-96.700E+00,+5.369E+00,+1.121E+00
-96.600E+00,+5.369E+00,+1.121E+00
-96.500E+00,+5.369E+00,+1.121E+00
-96.400E+00,+5.369E+00,+1.121E+00
-96.300E+00,+5.369E+00,+1.121E+00
-96.200E+00,+5.369E+00,+1.121E+00
-96.100E+00,+5.369E+00,+1.121E+00
-96.000E+00,+5.369E+00,+1.121E+00
-95.900E+00,+5.369E+00,+1.121E+00
-95.800E+00,+5.369E+00,+1.121E+00
-95.700E+00,+5.369E+00,+1.121E+00
-95.600E+00,+5.369E+00,+1.121E+00
-95.500E+00,+5.369E+00,+1.121E+00
-95.400E+00,+5.369E+00,+1.121E+00
-95.300E+00,+5.369E+00,+1.121E+00
-95.200E+00,+5.369E+00,+1.121E+00
-95.100E+00,+5.369E+00,+1.121E+00
-95.000E+00,+5.369E+00,+1.121E+00
-94.900E+00,+5.369E+00,+1.121E+00
-94.800E+00,+5.369E+00,+1.121E+00
-94.700E+00,+5.369E+00,+1.121E+00
-94.600E+00,+5.369E+00,+1.121E+00
-94.500E+00,+5.369E+00,+1.121E+00
-94.400E+00,+5.369E+00,+1.121E+00
-94.300E+00,+5.369E+00,+1.121E+00
-94.200E+00,+5.369E+00,+1.121E+00
-94.100E+00,+5.369E+00,+1.121E+00
-94.000E+00,+5.369E+00,+1.121E+00
-93.900E+00,+5.369E+00,+1.121E+00
-93.800E+00,+5.369E+00,+1.121E+00
-93.700E+00,+5.369E+00,+1.121E+00
-93.600E+00,+5.369E+00,+1.121E+00
-93.500E+00,+5.369E+00,+1.121E+00
-93.400E+00,+5.369E+00,+1.121E+00
-93.300E+00,+5.369E+00,+1.121E+00
-93.200E+00,+5.369E+00,+1.121E+00
-93.100E+00,+5.369E+00,+1.121E+00
-93.000E+00,+5.369E+00,+1.121E+00
-92.900E+00,+5.369E+00,+1.121E+00
-92.800E+00,+5.369E+00,+1.121E+00
-92.700E+00,+5.369E+00,+1.121E+00
-92.600E+00,+5.369E+00,+1.121E+00
-92.500E+00,+5.369E+00,+1.121E+00
-92.400E+00,+5.367E+00,+1.121E+00
-92.300E+00,+5.367E+00,+1.121E+00
-92.200E+00,+5.367E+00,+1.121E+00
-92.100E+00,+5.367E+00,+1.121E+00
-92.000E+00,+5.365E+00,+1.121E+00
-91.900E+00,+5.363E+00,+1.121E+00
-91.800E+00,+5.359E+00,+1.121E+00
-91.700E+00,+5.357E+00,+1.121E+00
-91.600E+00,+5.353E+00,+1.121E+00
-91.500E+00,+5.347E+00,+1.121E+00
-91.400E+00,+5.342E+00,+1.121E+00
-91.300E+00,+5.338E+00,+1.121E+00
-91.200E+00,+5.334E+00,+1.121E+00
-91.100E+00,+5.334E+00,+1.121E+00
-91.000E+00,+5.332E+00,+1.121E+00
-90.900E+00,+5.330E+00,+1.121E+00
-90.800E+00,+5.328E+00,+1.121E+00
-90.700E+00,+5.324E+00,+1.121E+00
-90.600E+00,+5.320E+00,+1.121E+00
-90.500E+00,+5.318E+00,+1.121E+00
-90.400E+00,+5.318E+00,+1.121E+00
-90.300E+00,+5.316E+00,+1.121E+00
-90.200E+00,+5.314E+00,+1.121E+00
-90.100E+00,+5.312E+00,+1.121E+00
-90.000E+00,+5.310E+00,+1.121E+00
-89.900E+00,+5.302E+00,+1.121E+00
-89.800E+00,+5.301E+00,+1.121E+00
-89.700E+00,+5.301E+00,+1.121E+00
-89.600E+00,+5.299E+00,+1.121E+00
-89.500E+00,+5.295E+00,+1.121E+00
-89.400E+00,+5.289E+00,+1.121E+00
-89.300E+00,+5.285E+00,+1.121E+00
-89.200E+00,+5.285E+00,+1.121E+00
-89.100E+00,+5.281E+00,+1.121E+00
-89.000E+00,+5.279E+00,+1.121E+00
-88.900E+00,+5.277E+00,+1.121E+00
-88.800E+00,+5.275E+00,+1.121E+00
-88.700E+00,+5.273E+00,+1.121E+00
-88.600E+00,+5.273E+00,+1.121E+00
-88.500E+00,+5.273E+00,+1.121E+00
-88.400E+00,+5.269E+00,+1.121E+00
-88.300E+00,+5.265E+00,+1.121E+00
-88.200E+00,+5.265E+00,+1.121E+00
-88.100E+00,+5.265E+00,+1.121E+00
-88.000E+00,+5.263E+00,+1.121E+00
-87.900E+00,+5.261E+00,+1.121E+00
-87.800E+00,+5.254E+00,+1.121E+00
-87.700E+00,+5.248E+00,+1.121E+00
-87.600E+00,+5.246E+00,+1.121E+00
-87.500E+00,+5.246E+00,+1.121E+00
-87.400E+00,+5.244E+00,+1.121E+00
-87.300E+00,+5.244E+00,+1.121E+00
-87.200E+00,+5.244E+00,+1.121E+00
-87.100E+00,+5.240E+00,+1.121E+00
-87.000E+00,+5.234E+00,+1.121E+00
-86.900E+00,+5.230E+00,+1.121E+00
-86.800E+00,+5.228E+00,+1.121E+00
-86.700E+00,+5.228E+00,+1.121E+00
-86.600E+00,+5.226E+00,+1.121E+00
-86.500E+00,+5.226E+00,+1.121E+00
-86.400E+00,+5.226E+00,+1.121E+00
-86.300E+00,+5.224E+00,+1.121E+00
-86.200E+00,+5.220E+00,+1.121E+00
-86.100E+00,+5.211E+00,+1.121E+00
-86.000E+00,+5.207E+00,+1.121E+00
-85.900E+00,+5.205E+00,+1.121E+00
-85.800E+00,+5.199E+00,+1.121E+00
-85.700E+00,+5.195E+00,+1.121E+00
-85.600E+00,+5.191E+00,+1.121E+00
-85.500E+00,+5.181E+00,+1.121E+00
-85.400E+00,+5.174E+00,+1.121E+00
-85.300E+00,+5.170E+00,+1.121E+00
-85.200E+00,+5.166E+00,+1.121E+00
