D5=[
-82.900E+00,+5.234E+00,+1.135E+00
-82.800E+00,+5.234E+00,+1.135E+00
-82.700E+00,+5.234E+00,+1.135E+00
-82.600E+00,+5.234E+00,+1.135E+00
-82.500E+00,+5.236E+00,+1.135E+00
-82.400E+00,+5.236E+00,+1.135E+00
-82.300E+00,+5.236E+00,+1.135E+00
-82.200E+00,+5.236E+00,+1.135E+00
-82.100E+00,+5.238E+00,+1.135E+00
-82.000E+00,+5.240E+00,+1.135E+00
-81.900E+00,+5.244E+00,+1.135E+00
-81.800E+00,+5.244E+00,+1.135E+00
-81.700E+00,+5.244E+00,+1.135E+00
-81.600E+00,+5.244E+00,+1.135E+00
-81.500E+00,+5.246E+00,+1.135E+00
-81.400E+00,+5.246E+00,+1.135E+00
-81.300E+00,+5.246E+00,+1.135E+00
-81.200E+00,+5.246E+00,+1.135E+00
-81.100E+00,+5.246E+00,+1.135E+00
-81.000E+00,+5.250E+00,+1.135E+00
-80.900E+00,+5.250E+00,+1.135E+00
-80.800E+00,+5.250E+00,+1.135E+00
-80.700E+00,+5.252E+00,+1.135E+00
-80.600E+00,+5.254E+00,+1.135E+00
-80.500E+00,+5.254E+00,+1.135E+00
-80.400E+00,+5.254E+00,+1.135E+00
-80.300E+00,+5.256E+00,+1.135E+00
-80.200E+00,+5.256E+00,+1.135E+00
-80.100E+00,+5.258E+00,+1.135E+00
-80.000E+00,+5.258E+00,+1.135E+00
-79.900E+00,+5.258E+00,+1.135E+00
-79.800E+00,+5.258E+00,+1.135E+00
-79.700E+00,+5.260E+00,+1.135E+00
-79.600E+00,+5.261E+00,+1.135E+00
-79.500E+00,+5.265E+00,+1.135E+00
-79.400E+00,+5.267E+00,+1.135E+00
-79.300E+00,+5.267E+00,+1.135E+00
-79.200E+00,+5.267E+00,+1.135E+00
-79.100E+00,+5.267E+00,+1.135E+00
-79.000E+00,+5.269E+00,+1.135E+00
-78.900E+00,+5.269E+00,+1.135E+00
-78.800E+00,+5.271E+00,+1.135E+00
-78.700E+00,+5.273E+00,+1.135E+00
-78.600E+00,+5.275E+00,+1.135E+00
-78.500E+00,+5.277E+00,+1.135E+00
-78.400E+00,+5.279E+00,+1.135E+00
-78.300E+00,+5.279E+00,+1.135E+00
-78.200E+00,+5.281E+00,+1.135E+00
-78.100E+00,+5.283E+00,+1.135E+00
-78.000E+00,+5.283E+00,+1.135E+00
-77.900E+00,+5.283E+00,+1.135E+00
-77.800E+00,+5.283E+00,+1.135E+00
-77.700E+00,+5.283E+00,+1.135E+00
-77.600E+00,+5.283E+00,+1.135E+00
-77.500E+00,+5.285E+00,+1.135E+00
-77.400E+00,+5.285E+00,+1.135E+00
-77.300E+00,+5.285E+00,+1.135E+00
-77.200E+00,+5.285E+00,+1.135E+00
-77.100E+00,+5.287E+00,+1.135E+00
-77.000E+00,+5.287E+00,+1.135E+00
-76.900E+00,+5.287E+00,+1.135E+00
-76.800E+00,+5.289E+00,+1.135E+00
-76.700E+00,+5.289E+00,+1.135E+00
-76.600E+00,+5.289E+00,+1.135E+00
-76.500E+00,+5.289E+00,+1.135E+00
-76.400E+00,+5.291E+00,+1.135E+00
-76.300E+00,+5.291E+00,+1.135E+00
-76.200E+00,+5.291E+00,+1.135E+00
-76.100E+00,+5.293E+00,+1.135E+00
-76.000E+00,+5.293E+00,+1.135E+00
-75.900E+00,+5.293E+00,+1.135E+00
-75.800E+00,+5.293E+00,+1.135E+00
-75.700E+00,+5.293E+00,+1.135E+00
-75.600E+00,+5.293E+00,+1.135E+00
-75.500E+00,+5.293E+00,+1.135E+00
-75.400E+00,+5.293E+00,+1.135E+00
-75.300E+00,+5.295E+00,+1.135E+00
-75.200E+00,+5.295E+00,+1.135E+00
-75.100E+00,+5.295E+00,+1.135E+00
-75.000E+00,+5.295E+00,+1.135E+00
-74.900E+00,+5.295E+00,+1.135E+00
-74.800E+00,+5.295E+00,+1.135E+00
-74.700E+00,+5.295E+00,+1.135E+00
-74.600E+00,+5.295E+00,+1.135E+00
-74.500E+00,+5.295E+00,+1.135E+00
-74.400E+00,+5.295E+00,+1.135E+00
-74.300E+00,+5.295E+00,+1.135E+00
-74.200E+00,+5.295E+00,+1.135E+00
-74.100E+00,+5.295E+00,+1.135E+00
-74.000E+00,+5.295E+00,+1.135E+00
-73.900E+00,+5.295E+00,+1.135E+00
-73.800E+00,+5.295E+00,+1.135E+00
-73.700E+00,+5.295E+00,+1.135E+00
-73.600E+00,+5.295E+00,+1.135E+00
-73.500E+00,+5.295E+00,+1.135E+00
-73.400E+00,+5.295E+00,+1.135E+00
-73.300E+00,+5.295E+00,+1.135E+00
-73.200E+00,+5.295E+00,+1.135E+00
-73.100E+00,+5.295E+00,+1.135E+00
-73.000E+00,+5.295E+00,+1.135E+00
-72.900E+00,+5.295E+00,+1.135E+00
-72.800E+00,+5.295E+00,+1.135E+00
-72.700E+00,+5.295E+00,+1.135E+00
-72.600E+00,+5.295E+00,+1.135E+00
-72.500E+00,+5.295E+00,+1.135E+00
-72.400E+00,+5.295E+00,+1.135E+00
-72.300E+00,+5.295E+00,+1.135E+00
-72.200E+00,+5.295E+00,+1.135E+00
-72.100E+00,+5.295E+00,+1.135E+00
-72.000E+00,+5.295E+00,+1.135E+00
-71.900E+00,+5.295E+00,+1.135E+00
-71.800E+00,+5.295E+00,+1.135E+00
-71.700E+00,+5.295E+00,+1.135E+00
-71.600E+00,+5.295E+00,+1.135E+00
-71.500E+00,+5.295E+00,+1.135E+00
-71.400E+00,+5.295E+00,+1.135E+00
-71.300E+00,+5.295E+00,+1.135E+00
-71.200E+00,+5.295E+00,+1.135E+00
-71.100E+00,+5.295E+00,+1.135E+00
-71.000E+00,+5.295E+00,+1.135E+00
-70.900E+00,+5.295E+00,+1.135E+00
-70.800E+00,+5.295E+00,+1.135E+00
-70.700E+00,+5.295E+00,+1.135E+00
-70.600E+00,+5.295E+00,+1.135E+00
-70.500E+00,+5.295E+00,+1.135E+00
-70.400E+00,+5.295E+00,+1.135E+00
-70.300E+00,+5.295E+00,+1.135E+00
-70.200E+00,+5.295E+00,+1.135E+00
-70.100E+00,+5.295E+00,+1.135E+00
-70.000E+00,+5.295E+00,+1.135E+00
-69.900E+00,+5.295E+00,+1.135E+00
-69.800E+00,+5.295E+00,+1.135E+00
-69.700E+00,+5.295E+00,+1.135E+00
-69.600E+00,+5.295E+00,+1.135E+00
-69.500E+00,+5.295E+00,+1.135E+00
-69.400E+00,+5.295E+00,+1.135E+00
-69.300E+00,+5.295E+00,+1.135E+00
-69.200E+00,+5.295E+00,+1.135E+00
-69.100E+00,+5.295E+00,+1.135E+00
-69.000E+00,+5.295E+00,+1.135E+00
-68.900E+00,+5.295E+00,+1.135E+00
-68.800E+00,+5.295E+00,+1.135E+00
-68.700E+00,+5.295E+00,+1.135E+00
-68.600E+00,+5.295E+00,+1.135E+00
-68.500E+00,+5.295E+00,+1.135E+00
-68.400E+00,+5.295E+00,+1.135E+00
-68.300E+00,+5.295E+00,+1.135E+00
-68.200E+00,+5.295E+00,+1.135E+00
-68.100E+00,+5.295E+00,+1.135E+00
-68.000E+00,+5.295E+00,+1.135E+00
-67.900E+00,+5.295E+00,+1.135E+00
-67.800E+00,+5.295E+00,+1.135E+00
-67.700E+00,+5.295E+00,+1.135E+00
-67.600E+00,+5.295E+00,+1.135E+00
-67.500E+00,+5.295E+00,+1.135E+00
-67.400E+00,+5.293E+00,+1.135E+00
-67.300E+00,+5.293E+00,+1.135E+00
-67.200E+00,+5.293E+00,+1.135E+00
-67.100E+00,+5.291E+00,+1.135E+00
-67.000E+00,+5.289E+00,+1.135E+00
-66.900E+00,+5.289E+00,+1.135E+00
-66.800E+00,+5.287E+00,+1.135E+00
-66.700E+00,+5.285E+00,+1.135E+00
-66.600E+00,+5.281E+00,+1.135E+00
-66.500E+00,+5.277E+00,+1.135E+00
-66.400E+00,+5.273E+00,+1.135E+00
-66.300E+00,+5.269E+00,+1.135E+00
-66.200E+00,+5.269E+00,+1.135E+00
-66.100E+00,+5.265E+00,+1.135E+00
-66.000E+00,+5.260E+00,+1.135E+00
-65.900E+00,+5.252E+00,+1.135E+00
-65.800E+00,+5.246E+00,+1.135E+00
-65.700E+00,+5.238E+00,+1.135E+00
-65.600E+00,+5.238E+00,+1.135E+00
-65.500E+00,+5.238E+00,+1.135E+00
-65.400E+00,+5.234E+00,+1.135E+00
-65.300E+00,+5.224E+00,+1.135E+00
-65.200E+00,+5.211E+00,+1.135E+00
-65.100E+00,+5.205E+00,+1.135E+00
-65.000E+00,+5.205E+00,+1.135E+00
-64.900E+00,+5.205E+00,+1.135E+00
-64.800E+00,+5.201E+00,+1.135E+00
-64.700E+00,+5.199E+00,+1.135E+00
-64.600E+00,+5.199E+00,+1.135E+00
-64.500E+00,+5.197E+00,+1.135E+00
-64.400E+00,+5.195E+00,+1.135E+00
-64.300E+00,+5.193E+00,+1.135E+00
-64.200E+00,+5.193E+00,+1.135E+00
-64.100E+00,+5.185E+00,+1.135E+00
-64.000E+00,+5.179E+00,+1.135E+00
-63.900E+00,+5.172E+00,+1.135E+00
-63.800E+00,+5.166E+00,+1.135E+00
-63.700E+00,+5.164E+00,+1.137E+00
-63.600E+00,+5.164E+00,+1.137E+00
-63.500E+00,+5.162E+00,+1.137E+00
-63.400E+00,+5.160E+00,+1.137E+00
-63.300E+00,+5.154E+00,+1.137E+00
-63.200E+00,+5.148E+00,+1.137E+00
-63.100E+00,+5.148E+00,+1.137E+00
-63.000E+00,+5.148E+00,+1.139E+00
-62.900E+00,+5.144E+00,+1.137E+00
-62.800E+00,+5.140E+00,+1.139E+00
-62.700E+00,+5.138E+00,+1.137E+00
-62.600E+00,+5.136E+00,+1.139E+00
-62.500E+00,+5.135E+00,+1.139E+00
-62.400E+00,+5.133E+00,+1.139E+00
-62.300E+00,+5.127E+00,+1.139E+00
-62.200E+00,+5.123E+00,+1.139E+00
-62.100E+00,+5.121E+00,+1.139E+00
-62.000E+00,+5.119E+00,+1.139E+00
-61.900E+00,+5.117E+00,+1.139E+00
-61.800E+00,+5.113E+00,+1.139E+00
-61.700E+00,+5.111E+00,+1.139E+00
-61.600E+00,+5.107E+00,+1.139E+00
-61.500E+00,+5.101E+00,+1.139E+00
-61.400E+00,+5.095E+00,+1.139E+00
-61.300E+00,+5.090E+00,+1.139E+00
-61.200E+00,+5.086E+00,+1.139E+00
-61.100E+00,+5.086E+00,+1.139E+00
-61.000E+00,+5.082E+00,+1.139E+00
-60.900E+00,+5.078E+00,+1.139E+00
-60.800E+00,+5.076E+00,+1.139E+00
-60.700E+00,+5.074E+00,+1.139E+00
-60.600E+00,+5.072E+00,+1.141E+00
-60.500E+00,+5.070E+00,+1.141E+00
-60.400E+00,+5.068E+00,+1.141E+00
-60.300E+00,+5.064E+00,+1.143E+00
-60.200E+00,+5.058E+00,+1.141E+00
