D6=[...
-71.500E+00,+5.402E+00,+1.133E+00
-71.400E+00,+5.402E+00,+1.133E+00
-71.300E+00,+5.402E+00,+1.133E+00
-71.200E+00,+5.402E+00,+1.133E+00
-71.100E+00,+5.402E+00,+1.133E+00
-71.000E+00,+5.404E+00,+1.133E+00
-70.900E+00,+5.404E+00,+1.133E+00
-70.800E+00,+5.404E+00,+1.133E+00
-70.700E+00,+5.404E+00,+1.133E+00
-70.600E+00,+5.404E+00,+1.133E+00
-70.500E+00,+5.404E+00,+1.133E+00
-70.400E+00,+5.404E+00,+1.133E+00
-70.300E+00,+5.404E+00,+1.133E+00
-70.200E+00,+5.404E+00,+1.133E+00
-70.100E+00,+5.404E+00,+1.133E+00
-70.000E+00,+5.404E+00,+1.133E+00
-69.900E+00,+5.404E+00,+1.133E+00
-69.800E+00,+5.404E+00,+1.133E+00
-69.700E+00,+5.404E+00,+1.133E+00
-69.600E+00,+5.404E+00,+1.133E+00
-69.500E+00,+5.404E+00,+1.133E+00
-69.400E+00,+5.404E+00,+1.133E+00
-69.300E+00,+5.404E+00,+1.133E+00
-69.200E+00,+5.404E+00,+1.133E+00
-69.100E+00,+5.404E+00,+1.133E+00
-69.000E+00,+5.404E+00,+1.133E+00
-68.900E+00,+5.404E+00,+1.133E+00
-68.800E+00,+5.404E+00,+1.133E+00
-68.700E+00,+5.404E+00,+1.133E+00
-68.600E+00,+5.404E+00,+1.133E+00
-68.500E+00,+5.404E+00,+1.133E+00
-68.400E+00,+5.404E+00,+1.133E+00
-68.300E+00,+5.404E+00,+1.133E+00
-68.200E+00,+5.404E+00,+1.133E+00
-68.100E+00,+5.404E+00,+1.133E+00
-68.000E+00,+5.404E+00,+1.133E+00
-67.900E+00,+5.404E+00,+1.133E+00
-67.800E+00,+5.404E+00,+1.133E+00
-67.700E+00,+5.404E+00,+1.133E+00
-67.600E+00,+5.404E+00,+1.133E+00
-67.500E+00,+5.404E+00,+1.133E+00
-67.400E+00,+5.404E+00,+1.133E+00
-67.300E+00,+5.404E+00,+1.133E+00
-67.200E+00,+5.404E+00,+1.133E+00
-67.100E+00,+5.404E+00,+1.133E+00
-67.000E+00,+5.406E+00,+1.133E+00
-66.900E+00,+5.406E+00,+1.133E+00
-66.800E+00,+5.406E+00,+1.133E+00
-66.700E+00,+5.406E+00,+1.133E+00
-66.600E+00,+5.406E+00,+1.133E+00
-66.500E+00,+5.406E+00,+1.133E+00
-66.400E+00,+5.406E+00,+1.133E+00
-66.300E+00,+5.406E+00,+1.133E+00
-66.200E+00,+5.406E+00,+1.133E+00
-66.100E+00,+5.406E+00,+1.133E+00
-66.000E+00,+5.406E+00,+1.133E+00
-65.900E+00,+5.406E+00,+1.133E+00
-65.800E+00,+5.406E+00,+1.133E+00
-65.700E+00,+5.406E+00,+1.133E+00
-65.600E+00,+5.406E+00,+1.133E+00
-65.500E+00,+5.406E+00,+1.133E+00
-65.400E+00,+5.406E+00,+1.133E+00
-65.300E+00,+5.406E+00,+1.133E+00
-65.200E+00,+5.406E+00,+1.133E+00
-65.100E+00,+5.406E+00,+1.133E+00
-65.000E+00,+5.406E+00,+1.133E+00
-64.900E+00,+5.406E+00,+1.133E+00
-64.800E+00,+5.406E+00,+1.133E+00
-64.700E+00,+5.406E+00,+1.133E+00
-64.600E+00,+5.406E+00,+1.133E+00
-64.500E+00,+5.406E+00,+1.133E+00
-64.400E+00,+5.406E+00,+1.133E+00
-64.300E+00,+5.406E+00,+1.133E+00
-64.200E+00,+5.406E+00,+1.133E+00
-64.100E+00,+5.406E+00,+1.133E+00
-64.000E+00,+5.406E+00,+1.133E+00
-63.900E+00,+5.406E+00,+1.133E+00
-63.800E+00,+5.406E+00,+1.133E+00
-63.700E+00,+5.406E+00,+1.133E+00
-63.600E+00,+5.406E+00,+1.133E+00
-63.500E+00,+5.406E+00,+1.133E+00
-63.400E+00,+5.406E+00,+1.133E+00
-63.300E+00,+5.406E+00,+1.133E+00
-63.200E+00,+5.406E+00,+1.133E+00
-63.100E+00,+5.406E+00,+1.133E+00
-63.000E+00,+5.406E+00,+1.133E+00
-62.900E+00,+5.406E+00,+1.133E+00
-62.800E+00,+5.406E+00,+1.133E+00
-62.700E+00,+5.406E+00,+1.133E+00
-62.600E+00,+5.406E+00,+1.133E+00
-62.500E+00,+5.406E+00,+1.133E+00
-62.400E+00,+5.406E+00,+1.133E+00
-62.300E+00,+5.406E+00,+1.133E+00
-62.200E+00,+5.406E+00,+1.133E+00
-62.100E+00,+5.406E+00,+1.133E+00
-62.000E+00,+5.404E+00,+1.133E+00
-61.900E+00,+5.404E+00,+1.133E+00
-61.800E+00,+5.404E+00,+1.133E+00
-61.700E+00,+5.406E+00,+1.133E+00
-61.600E+00,+5.406E+00,+1.133E+00
-61.500E+00,+5.404E+00,+1.133E+00
-61.400E+00,+5.404E+00,+1.133E+00
-61.300E+00,+5.404E+00,+1.133E+00
-61.200E+00,+5.404E+00,+1.133E+00
-61.100E+00,+5.404E+00,+1.133E+00
-61.000E+00,+5.404E+00,+1.133E+00
-60.900E+00,+5.404E+00,+1.133E+00
-60.800E+00,+5.402E+00,+1.133E+00
-60.700E+00,+5.402E+00,+1.133E+00
-60.600E+00,+5.402E+00,+1.133E+00
-60.500E+00,+5.402E+00,+1.133E+00
-60.400E+00,+5.400E+00,+1.133E+00
-60.300E+00,+5.400E+00,+1.133E+00
-60.200E+00,+5.398E+00,+1.133E+00
-60.100E+00,+5.390E+00,+1.133E+00
-60.000E+00,+5.379E+00,+1.133E+00
-59.900E+00,+5.347E+00,+1.133E+00
-59.800E+00,+5.316E+00,+1.133E+00
-59.700E+00,+5.308E+00,+1.133E+00
-59.600E+00,+5.306E+00,+1.133E+00
-59.500E+00,+5.304E+00,+1.133E+00
-59.400E+00,+5.299E+00,+1.133E+00
-59.300E+00,+5.291E+00,+1.133E+00
-59.200E+00,+5.281E+00,+1.133E+00
-59.100E+00,+5.277E+00,+1.133E+00
-59.000E+00,+5.273E+00,+1.133E+00
-58.900E+00,+5.265E+00,+1.133E+00
-58.800E+00,+5.261E+00,+1.133E+00
-58.700E+00,+5.256E+00,+1.133E+00
-58.600E+00,+5.246E+00,+1.133E+00
-58.500E+00,+5.238E+00,+1.133E+00
-58.400E+00,+5.230E+00,+1.133E+00
-58.300E+00,+5.228E+00,+1.133E+00
-58.200E+00,+5.222E+00,+1.133E+00
-58.100E+00,+5.215E+00,+1.133E+00
-58.000E+00,+5.197E+00,+1.133E+00
-57.900E+00,+5.179E+00,+1.133E+00
-57.800E+00,+5.172E+00,+1.133E+00
-57.700E+00,+5.170E+00,+1.135E+00
-57.600E+00,+5.170E+00,+1.135E+00
-57.500E+00,+5.170E+00,+1.133E+00
-57.400E+00,+5.166E+00,+1.133E+00
-57.300E+00,+5.162E+00,+1.133E+00
-57.200E+00,+5.158E+00,+1.133E+00
-57.100E+00,+5.154E+00,+1.135E+00
-57.000E+00,+5.150E+00,+1.133E+00
-56.900E+00,+5.140E+00,+1.135E+00
-56.800E+00,+5.135E+00,+1.133E+00
-56.700E+00,+5.129E+00,+1.133E+00
-56.600E+00,+5.123E+00,+1.133E+00
-56.500E+00,+5.115E+00,+1.133E+00
-56.400E+00,+5.111E+00,+1.133E+00
-56.300E+00,+5.105E+00,+1.135E+00
-56.200E+00,+5.097E+00,+1.135E+00
-56.100E+00,+5.090E+00,+1.135E+00
-56.000E+00,+5.086E+00,+1.135E+00
-55.900E+00,+5.082E+00,+1.135E+00
-55.800E+00,+5.078E+00,+1.135E+00
-55.700E+00,+5.076E+00,+1.135E+00
-55.600E+00,+5.068E+00,+1.137E+00
-55.500E+00,+5.060E+00,+1.135E+00
-55.400E+00,+5.056E+00,+1.137E+00
-55.300E+00,+5.049E+00,+1.137E+00
-55.200E+00,+5.047E+00,+1.135E+00
-55.100E+00,+5.045E+00,+1.137E+00
-55.000E+00,+5.031E+00,+1.137E+00
-54.900E+00,+5.025E+00,+1.139E+00
-54.800E+00,+5.023E+00,+1.139E+00
-54.700E+00,+5.017E+00,+1.139E+00
-54.600E+00,+5.011E+00,+1.139E+00
-54.500E+00,+5.006E+00,+1.139E+00
-54.400E+00,+5.000E+00,+1.139E+00
-54.300E+00,+4.998E+00,+1.139E+00
-54.200E+00,+4.994E+00,+1.139E+00
-54.100E+00,+4.988E+00,+1.139E+00
-54.000E+00,+4.984E+00,+1.137E+00
-53.900E+00,+4.982E+00,+1.139E+00
-53.800E+00,+4.978E+00,+1.141E+00
-53.700E+00,+4.972E+00,+1.141E+00
-53.600E+00,+4.968E+00,+1.141E+00
-53.500E+00,+4.968E+00,+1.143E+00
-53.400E+00,+4.959E+00,+1.143E+00
-53.300E+00,+4.945E+00,+1.143E+00
-53.200E+00,+4.939E+00,+1.149E+00
-53.100E+00,+4.935E+00,+1.153E+00
-53.000E+00,+4.931E+00,+1.153E+00
-52.900E+00,+4.929E+00,+1.155E+00
-52.800E+00,+4.926E+00,+1.180E+00
-52.700E+00,+4.920E+00,+1.198E+00
-52.600E+00,+4.908E+00,+1.198E+00
-52.500E+00,+4.902E+00,+1.198E+00
-52.400E+00,+4.900E+00,+1.223E+00
-52.300E+00,+4.900E+00,+1.227E+00
-52.200E+00,+4.896E+00,+1.227E+00
-52.100E+00,+4.896E+00,+1.229E+00
-52.000E+00,+4.894E+00,+1.233E+00
-51.900E+00,+4.892E+00,+1.235E+00
-51.800E+00,+4.888E+00,+1.242E+00
-51.700E+00,+4.885E+00,+1.254E+00
-51.600E+00,+4.879E+00,+1.258E+00
-51.500E+00,+4.871E+00,+1.256E+00
-51.400E+00,+4.869E+00,+1.258E+00
-51.300E+00,+4.863E+00,+1.272E+00
-51.200E+00,+4.859E+00,+1.274E+00
-51.100E+00,+4.853E+00,+1.276E+00
-51.000E+00,+4.851E+00,+1.295E+00
-50.900E+00,+4.830E+00,+1.305E+00
-50.800E+00,+4.816E+00,+1.305E+00
-50.700E+00,+4.814E+00,+1.305E+00
-50.600E+00,+4.814E+00,+1.311E+00
-50.500E+00,+4.812E+00,+1.321E+00
-50.400E+00,+4.806E+00,+1.323E+00
-50.300E+00,+4.806E+00,+1.323E+00
-50.200E+00,+4.806E+00,+1.324E+00
-50.100E+00,+4.801E+00,+1.326E+00
-50.000E+00,+4.799E+00,+1.330E+00
-49.900E+00,+4.797E+00,+1.338E+00
-49.800E+00,+4.795E+00,+1.338E+00
-49.700E+00,+4.791E+00,+1.338E+00
-49.600E+00,+4.787E+00,+1.340E+00
-49.500E+00,+4.787E+00,+1.342E+00
-49.400E+00,+4.781E+00,+1.346E+00
-49.300E+00,+4.773E+00,+1.354E+00
-49.200E+00,+4.769E+00,+1.367E+00
-49.100E+00,+4.767E+00,+1.371E+00
-49.000E+00,+4.765E+00,+1.371E+00
-48.900E+00,+4.765E+00,+1.377E+00
-48.800E+00,+4.765E+00,+1.403E+00
