D8=[...
-104.100E+00,+5.390E+00,+1.112E+00
-104.000E+00,+5.390E+00,+1.112E+00
-103.900E+00,+5.390E+00,+1.112E+00
-103.800E+00,+5.390E+00,+1.112E+00
-103.700E+00,+5.390E+00,+1.112E+00
-103.600E+00,+5.390E+00,+1.112E+00
-103.500E+00,+5.390E+00,+1.112E+00
-103.400E+00,+5.390E+00,+1.112E+00
-103.300E+00,+5.390E+00,+1.112E+00
-103.200E+00,+5.390E+00,+1.112E+00
-103.100E+00,+5.390E+00,+1.112E+00
-103.000E+00,+5.390E+00,+1.112E+00
-102.900E+00,+5.390E+00,+1.112E+00
-102.800E+00,+5.390E+00,+1.112E+00
-102.700E+00,+5.390E+00,+1.112E+00
-102.600E+00,+5.390E+00,+1.112E+00
-102.500E+00,+5.390E+00,+1.112E+00
-102.400E+00,+5.390E+00,+1.112E+00
-102.300E+00,+5.390E+00,+1.112E+00
-102.200E+00,+5.390E+00,+1.112E+00
-102.100E+00,+5.390E+00,+1.112E+00
-102.000E+00,+5.390E+00,+1.112E+00
-101.900E+00,+5.390E+00,+1.112E+00
-101.800E+00,+5.390E+00,+1.112E+00
-101.700E+00,+5.390E+00,+1.112E+00
-101.600E+00,+5.390E+00,+1.112E+00
-101.500E+00,+5.388E+00,+1.112E+00
-101.400E+00,+5.390E+00,+1.112E+00
-101.300E+00,+5.390E+00,+1.112E+00
-101.200E+00,+5.390E+00,+1.112E+00
-101.100E+00,+5.388E+00,+1.112E+00
-101.000E+00,+5.390E+00,+1.112E+00
-100.900E+00,+5.390E+00,+1.112E+00
-100.800E+00,+5.390E+00,+1.112E+00
-100.700E+00,+5.390E+00,+1.112E+00
-100.600E+00,+5.388E+00,+1.112E+00
-100.500E+00,+5.390E+00,+1.112E+00
-100.400E+00,+5.388E+00,+1.112E+00
-100.300E+00,+5.390E+00,+1.112E+00
-100.200E+00,+5.388E+00,+1.112E+00
-100.100E+00,+5.390E+00,+1.112E+00
-100.000E+00,+5.388E+00,+1.112E+00
-99.900E+00,+5.390E+00,+1.112E+00
-99.800E+00,+5.390E+00,+1.112E+00
-99.700E+00,+5.390E+00,+1.112E+00
-99.600E+00,+5.390E+00,+1.112E+00
-99.500E+00,+5.390E+00,+1.112E+00
-99.400E+00,+5.390E+00,+1.112E+00
-99.300E+00,+5.390E+00,+1.112E+00
-99.200E+00,+5.390E+00,+1.112E+00
-99.100E+00,+5.390E+00,+1.112E+00
-99.000E+00,+5.390E+00,+1.112E+00
-98.900E+00,+5.390E+00,+1.112E+00
-98.800E+00,+5.390E+00,+1.112E+00
-98.700E+00,+5.390E+00,+1.112E+00
-98.600E+00,+5.390E+00,+1.112E+00
-98.500E+00,+5.390E+00,+1.112E+00
-98.400E+00,+5.390E+00,+1.112E+00
-98.300E+00,+5.390E+00,+1.112E+00
-98.200E+00,+5.390E+00,+1.112E+00
-98.100E+00,+5.390E+00,+1.112E+00
-98.000E+00,+5.390E+00,+1.112E+00
-97.900E+00,+5.390E+00,+1.112E+00
-97.800E+00,+5.390E+00,+1.112E+00
-97.700E+00,+5.390E+00,+1.112E+00
-97.600E+00,+5.390E+00,+1.112E+00
-97.500E+00,+5.390E+00,+1.112E+00
-97.400E+00,+5.390E+00,+1.112E+00
-97.300E+00,+5.390E+00,+1.112E+00
-97.200E+00,+5.390E+00,+1.112E+00
-97.100E+00,+5.390E+00,+1.112E+00
-97.000E+00,+5.390E+00,+1.112E+00
-96.900E+00,+5.390E+00,+1.112E+00
-96.800E+00,+5.390E+00,+1.112E+00
-96.700E+00,+5.390E+00,+1.112E+00
-96.600E+00,+5.390E+00,+1.112E+00
-96.500E+00,+5.390E+00,+1.112E+00
-96.400E+00,+5.390E+00,+1.112E+00
-96.300E+00,+5.390E+00,+1.112E+00
-96.200E+00,+5.390E+00,+1.112E+00
-96.100E+00,+5.390E+00,+1.112E+00
-96.000E+00,+5.390E+00,+1.112E+00
-95.900E+00,+5.390E+00,+1.112E+00
-95.800E+00,+5.390E+00,+1.112E+00
-95.700E+00,+5.390E+00,+1.112E+00
-95.600E+00,+5.390E+00,+1.112E+00
-95.500E+00,+5.390E+00,+1.112E+00
-95.400E+00,+5.390E+00,+1.112E+00
-95.300E+00,+5.388E+00,+1.112E+00
-95.200E+00,+5.388E+00,+1.112E+00
-95.100E+00,+5.388E+00,+1.112E+00
-95.000E+00,+5.388E+00,+1.112E+00
-94.900E+00,+5.388E+00,+1.112E+00
-94.800E+00,+5.388E+00,+1.112E+00
-94.700E+00,+5.388E+00,+1.112E+00
-94.600E+00,+5.388E+00,+1.112E+00
-94.500E+00,+5.388E+00,+1.112E+00
-94.400E+00,+5.388E+00,+1.112E+00
-94.300E+00,+5.388E+00,+1.112E+00
-94.200E+00,+5.388E+00,+1.112E+00
-94.100E+00,+5.388E+00,+1.112E+00
-94.000E+00,+5.386E+00,+1.112E+00
-93.900E+00,+5.383E+00,+1.112E+00
-93.800E+00,+5.379E+00,+1.112E+00
-93.700E+00,+5.363E+00,+1.112E+00
-93.600E+00,+5.343E+00,+1.112E+00
-93.500E+00,+5.326E+00,+1.112E+00
-93.400E+00,+5.308E+00,+1.112E+00
-93.300E+00,+5.302E+00,+1.112E+00
-93.200E+00,+5.295E+00,+1.112E+00
-93.100E+00,+5.289E+00,+1.112E+00
-93.000E+00,+5.283E+00,+1.114E+00
-92.900E+00,+5.275E+00,+1.112E+00
-92.800E+00,+5.269E+00,+1.114E+00
-92.700E+00,+5.267E+00,+1.112E+00
-92.600E+00,+5.258E+00,+1.114E+00
-92.500E+00,+5.244E+00,+1.114E+00
-92.400E+00,+5.228E+00,+1.114E+00
-92.300E+00,+5.217E+00,+1.114E+00
-92.200E+00,+5.215E+00,+1.114E+00
-92.100E+00,+5.213E+00,+1.112E+00
-92.000E+00,+5.207E+00,+1.114E+00
-91.900E+00,+5.191E+00,+1.114E+00
-91.800E+00,+5.177E+00,+1.114E+00
-91.700E+00,+5.172E+00,+1.114E+00
-91.600E+00,+5.170E+00,+1.112E+00
-91.500E+00,+5.170E+00,+1.114E+00
-91.400E+00,+5.166E+00,+1.114E+00
-91.300E+00,+5.164E+00,+1.114E+00
-91.200E+00,+5.162E+00,+1.114E+00
-91.100E+00,+5.160E+00,+1.114E+00
-91.000E+00,+5.154E+00,+1.114E+00
-90.900E+00,+5.148E+00,+1.114E+00
-90.800E+00,+5.140E+00,+1.114E+00
-90.700E+00,+5.136E+00,+1.114E+00
-90.600E+00,+5.135E+00,+1.114E+00
-90.500E+00,+5.127E+00,+1.114E+00
-90.400E+00,+5.115E+00,+1.114E+00
-90.300E+00,+5.109E+00,+1.114E+00
-90.200E+00,+5.103E+00,+1.114E+00
-90.100E+00,+5.088E+00,+1.114E+00
-90.000E+00,+5.082E+00,+1.114E+00
-89.900E+00,+5.080E+00,+1.114E+00
-89.800E+00,+5.078E+00,+1.114E+00
-89.700E+00,+5.072E+00,+1.114E+00
-89.600E+00,+5.068E+00,+1.114E+00
-89.500E+00,+5.062E+00,+1.114E+00
-89.400E+00,+5.052E+00,+1.114E+00
-89.300E+00,+5.045E+00,+1.114E+00
-89.200E+00,+5.039E+00,+1.114E+00
-89.100E+00,+5.027E+00,+1.114E+00
-89.000E+00,+5.019E+00,+1.114E+00
-88.900E+00,+5.019E+00,+1.114E+00
-88.800E+00,+5.008E+00,+1.114E+00
-88.700E+00,+4.988E+00,+1.114E+00
-88.600E+00,+4.978E+00,+1.114E+00
-88.500E+00,+4.976E+00,+1.114E+00
-88.400E+00,+4.976E+00,+1.114E+00
-88.300E+00,+4.974E+00,+1.114E+00
-88.200E+00,+4.972E+00,+1.114E+00
-88.100E+00,+4.967E+00,+1.114E+00
-88.000E+00,+4.957E+00,+1.114E+00
-87.900E+00,+4.951E+00,+1.114E+00
-87.800E+00,+4.945E+00,+1.114E+00
-87.700E+00,+4.935E+00,+1.114E+00
-87.600E+00,+4.926E+00,+1.114E+00
-87.500E+00,+4.918E+00,+1.119E+00
-87.400E+00,+4.916E+00,+1.137E+00
-87.300E+00,+4.912E+00,+1.164E+00
-87.200E+00,+4.900E+00,+1.178E+00
-87.100E+00,+4.896E+00,+1.186E+00
-87.000E+00,+4.894E+00,+1.194E+00
-86.900E+00,+4.894E+00,+1.196E+00
-86.800E+00,+4.892E+00,+1.199E+00
-86.700E+00,+4.888E+00,+1.201E+00
-86.600E+00,+4.869E+00,+1.203E+00
-86.500E+00,+4.857E+00,+1.203E+00
-86.400E+00,+4.857E+00,+1.203E+00
-86.300E+00,+4.855E+00,+1.221E+00
-86.200E+00,+4.851E+00,+1.233E+00
-86.100E+00,+4.845E+00,+1.244E+00
-86.000E+00,+4.840E+00,+1.264E+00
-85.900E+00,+4.838E+00,+1.283E+00
-85.800E+00,+4.836E+00,+1.297E+00
-85.700E+00,+4.822E+00,+1.297E+00
-85.600E+00,+4.812E+00,+1.295E+00
-85.500E+00,+4.806E+00,+1.297E+00
-85.400E+00,+4.804E+00,+1.313E+00
-85.300E+00,+4.802E+00,+1.319E+00
-85.200E+00,+4.795E+00,+1.321E+00
-85.100E+00,+4.789E+00,+1.321E+00
-85.000E+00,+4.781E+00,+1.321E+00
-84.900E+00,+4.773E+00,+1.326E+00
-84.800E+00,+4.771E+00,+1.328E+00
-84.700E+00,+4.771E+00,+1.338E+00
-84.600E+00,+4.771E+00,+1.346E+00
-84.500E+00,+4.767E+00,+1.344E+00
-84.400E+00,+4.750E+00,+1.346E+00
-84.300E+00,+4.736E+00,+1.354E+00
-84.200E+00,+4.736E+00,+1.367E+00
-84.100E+00,+4.736E+00,+1.373E+00
-84.000E+00,+4.734E+00,+1.375E+00
-83.900E+00,+4.734E+00,+1.377E+00
-83.800E+00,+4.730E+00,+1.406E+00
-83.700E+00,+4.724E+00,+1.416E+00
-83.600E+00,+4.717E+00,+1.418E+00
-83.500E+00,+4.715E+00,+1.422E+00
-83.400E+00,+4.715E+00,+1.424E+00
-83.300E+00,+4.715E+00,+1.434E+00
-83.200E+00,+4.715E+00,+1.444E+00
-83.100E+00,+4.713E+00,+1.455E+00
-83.000E+00,+4.713E+00,+1.459E+00
-82.900E+00,+4.711E+00,+1.469E+00
-82.800E+00,+4.705E+00,+1.473E+00
-82.700E+00,+4.701E+00,+1.473E+00
-82.600E+00,+4.681E+00,+1.477E+00
-82.500E+00,+4.664E+00,+1.483E+00
-82.400E+00,+4.662E+00,+1.490E+00
-82.300E+00,+4.664E+00,+1.490E+00
-82.200E+00,+4.662E+00,+1.494E+00
-82.100E+00,+4.662E+00,+1.506E+00
-82.000E+00,+4.654E+00,+1.512E+00
-81.900E+00,+4.644E+00,+1.512E+00
-81.800E+00,+4.642E+00,+1.512E+00
-81.700E+00,+4.642E+00,+1.512E+00
-81.600E+00,+4.642E+00,+1.512E+00
-81.500E+00,+4.642E+00,+1.512E+00
