D9=[...
-130.700E+00,+5.363E+00,+1.141E+00
-130.600E+00,+5.365E+00,+1.141E+00
-130.500E+00,+5.365E+00,+1.141E+00
-130.400E+00,+5.365E+00,+1.141E+00
-130.300E+00,+5.365E+00,+1.141E+00
-130.200E+00,+5.365E+00,+1.141E+00
-130.100E+00,+5.365E+00,+1.141E+00
-130.000E+00,+5.367E+00,+1.141E+00
-129.900E+00,+5.367E+00,+1.141E+00
-129.800E+00,+5.367E+00,+1.141E+00
-129.700E+00,+5.367E+00,+1.141E+00
-129.600E+00,+5.367E+00,+1.141E+00
-129.500E+00,+5.367E+00,+1.141E+00
-129.400E+00,+5.367E+00,+1.141E+00
-129.300E+00,+5.367E+00,+1.141E+00
-129.200E+00,+5.369E+00,+1.141E+00
-129.100E+00,+5.369E+00,+1.141E+00
-129.000E+00,+5.371E+00,+1.141E+00
-128.900E+00,+5.371E+00,+1.141E+00
-128.800E+00,+5.371E+00,+1.141E+00
-128.700E+00,+5.371E+00,+1.141E+00
-128.600E+00,+5.371E+00,+1.141E+00
-128.500E+00,+5.371E+00,+1.141E+00
-128.400E+00,+5.371E+00,+1.141E+00
-128.300E+00,+5.371E+00,+1.141E+00
-128.200E+00,+5.371E+00,+1.141E+00
-128.100E+00,+5.371E+00,+1.141E+00
-128.000E+00,+5.371E+00,+1.141E+00
-127.900E+00,+5.371E+00,+1.141E+00
-127.800E+00,+5.371E+00,+1.141E+00
-127.700E+00,+5.371E+00,+1.141E+00
-127.600E+00,+5.371E+00,+1.141E+00
-127.500E+00,+5.371E+00,+1.141E+00
-127.400E+00,+5.371E+00,+1.141E+00
-127.300E+00,+5.371E+00,+1.141E+00
-127.200E+00,+5.371E+00,+1.141E+00
-127.100E+00,+5.371E+00,+1.141E+00
-127.000E+00,+5.371E+00,+1.141E+00
-126.900E+00,+5.371E+00,+1.141E+00
-126.800E+00,+5.371E+00,+1.141E+00
-126.700E+00,+5.371E+00,+1.141E+00
-126.600E+00,+5.371E+00,+1.141E+00
-126.500E+00,+5.371E+00,+1.141E+00
-126.400E+00,+5.371E+00,+1.141E+00
-126.300E+00,+5.371E+00,+1.141E+00
-126.200E+00,+5.371E+00,+1.141E+00
-126.100E+00,+5.371E+00,+1.141E+00
-126.000E+00,+5.371E+00,+1.141E+00
-125.900E+00,+5.371E+00,+1.141E+00
-125.800E+00,+5.371E+00,+1.141E+00
-125.700E+00,+5.371E+00,+1.141E+00
-125.600E+00,+5.371E+00,+1.141E+00
-125.500E+00,+5.371E+00,+1.141E+00
-125.400E+00,+5.371E+00,+1.141E+00
-125.300E+00,+5.371E+00,+1.141E+00
-125.200E+00,+5.371E+00,+1.141E+00
-125.100E+00,+5.371E+00,+1.141E+00
-125.000E+00,+5.371E+00,+1.141E+00
-124.900E+00,+5.371E+00,+1.141E+00
-124.800E+00,+5.371E+00,+1.141E+00
-124.700E+00,+5.373E+00,+1.141E+00
-124.600E+00,+5.371E+00,+1.141E+00
-124.500E+00,+5.373E+00,+1.141E+00
-124.400E+00,+5.373E+00,+1.141E+00
-124.300E+00,+5.373E+00,+1.141E+00
-124.200E+00,+5.373E+00,+1.141E+00
-124.100E+00,+5.373E+00,+1.141E+00
-124.000E+00,+5.373E+00,+1.141E+00
-123.900E+00,+5.373E+00,+1.141E+00
-123.800E+00,+5.373E+00,+1.141E+00
-123.700E+00,+5.373E+00,+1.141E+00
-123.600E+00,+5.373E+00,+1.141E+00
-123.500E+00,+5.373E+00,+1.141E+00
-123.400E+00,+5.373E+00,+1.141E+00
-123.300E+00,+5.375E+00,+1.141E+00
-123.200E+00,+5.375E+00,+1.141E+00
-123.100E+00,+5.375E+00,+1.141E+00
-123.000E+00,+5.375E+00,+1.141E+00
-122.900E+00,+5.375E+00,+1.141E+00
-122.800E+00,+5.375E+00,+1.143E+00
-122.700E+00,+5.375E+00,+1.141E+00
-122.600E+00,+5.375E+00,+1.143E+00
-122.500E+00,+5.375E+00,+1.141E+00
-122.400E+00,+5.375E+00,+1.141E+00
-122.300E+00,+5.375E+00,+1.141E+00
-122.200E+00,+5.375E+00,+1.141E+00
-122.100E+00,+5.375E+00,+1.141E+00
-122.000E+00,+5.375E+00,+1.141E+00
-121.900E+00,+5.375E+00,+1.143E+00
-121.800E+00,+5.375E+00,+1.141E+00
-121.700E+00,+5.375E+00,+1.141E+00
-121.600E+00,+5.375E+00,+1.141E+00
-121.500E+00,+5.375E+00,+1.141E+00
-121.400E+00,+5.375E+00,+1.143E+00
-121.300E+00,+5.375E+00,+1.141E+00
-121.200E+00,+5.375E+00,+1.141E+00
-121.100E+00,+5.375E+00,+1.141E+00
-121.000E+00,+5.375E+00,+1.141E+00
-120.900E+00,+5.375E+00,+1.141E+00
-120.800E+00,+5.375E+00,+1.141E+00
-120.700E+00,+5.375E+00,+1.141E+00
-120.600E+00,+5.375E+00,+1.141E+00
-120.500E+00,+5.375E+00,+1.141E+00
-120.400E+00,+5.375E+00,+1.141E+00
-120.300E+00,+5.375E+00,+1.141E+00
-120.200E+00,+5.375E+00,+1.141E+00
-120.100E+00,+5.375E+00,+1.141E+00
-120.000E+00,+5.375E+00,+1.141E+00
-119.900E+00,+5.375E+00,+1.141E+00
-119.800E+00,+5.375E+00,+1.141E+00
-119.700E+00,+5.375E+00,+1.141E+00
-119.600E+00,+5.373E+00,+1.141E+00
-119.500E+00,+5.373E+00,+1.141E+00
-119.400E+00,+5.373E+00,+1.141E+00
-119.300E+00,+5.373E+00,+1.141E+00
-119.200E+00,+5.373E+00,+1.141E+00
-119.100E+00,+5.373E+00,+1.141E+00
-119.000E+00,+5.373E+00,+1.141E+00
-118.900E+00,+5.373E+00,+1.141E+00
-118.800E+00,+5.373E+00,+1.141E+00
-118.700E+00,+5.373E+00,+1.141E+00
-118.600E+00,+5.373E+00,+1.141E+00
-118.500E+00,+5.373E+00,+1.141E+00
-118.400E+00,+5.371E+00,+1.141E+00
-118.300E+00,+5.365E+00,+1.141E+00
-118.200E+00,+5.343E+00,+1.141E+00
-118.100E+00,+5.316E+00,+1.141E+00
-118.000E+00,+5.301E+00,+1.141E+00
-117.900E+00,+5.291E+00,+1.141E+00
-117.800E+00,+5.287E+00,+1.141E+00
-117.700E+00,+5.285E+00,+1.141E+00
-117.600E+00,+5.281E+00,+1.141E+00
-117.500E+00,+5.275E+00,+1.141E+00
-117.400E+00,+5.263E+00,+1.141E+00
-117.300E+00,+5.250E+00,+1.141E+00
-117.200E+00,+5.240E+00,+1.141E+00
-117.100E+00,+5.232E+00,+1.141E+00
-117.000E+00,+5.228E+00,+1.141E+00
-116.900E+00,+5.226E+00,+1.141E+00
-116.800E+00,+5.218E+00,+1.141E+00
-116.700E+00,+5.205E+00,+1.141E+00
-116.600E+00,+5.187E+00,+1.141E+00
-116.500E+00,+5.174E+00,+1.141E+00
-116.400E+00,+5.164E+00,+1.141E+00
-116.300E+00,+5.156E+00,+1.141E+00
-116.200E+00,+5.156E+00,+1.141E+00
-116.100E+00,+5.154E+00,+1.141E+00
-116.000E+00,+5.146E+00,+1.141E+00
-115.900E+00,+5.138E+00,+1.141E+00
-115.800E+00,+5.135E+00,+1.141E+00
-115.700E+00,+5.133E+00,+1.141E+00
-115.600E+00,+5.121E+00,+1.141E+00
-115.500E+00,+5.107E+00,+1.141E+00
-115.400E+00,+5.095E+00,+1.141E+00
-115.300E+00,+5.090E+00,+1.141E+00
-115.200E+00,+5.086E+00,+1.143E+00
-115.100E+00,+5.078E+00,+1.141E+00
-115.000E+00,+5.070E+00,+1.141E+00
-114.900E+00,+5.066E+00,+1.141E+00
-114.800E+00,+5.060E+00,+1.141E+00
-114.700E+00,+5.049E+00,+1.141E+00
-114.600E+00,+5.039E+00,+1.141E+00
-114.500E+00,+5.025E+00,+1.141E+00
-114.400E+00,+5.017E+00,+1.141E+00
-114.300E+00,+5.008E+00,+1.143E+00
-114.200E+00,+5.004E+00,+1.143E+00
-114.100E+00,+4.994E+00,+1.143E+00
-114.000E+00,+4.986E+00,+1.143E+00
-113.900E+00,+4.982E+00,+1.143E+00
-113.800E+00,+4.980E+00,+1.143E+00
-113.700E+00,+4.974E+00,+1.143E+00
-113.600E+00,+4.970E+00,+1.143E+00
-113.500E+00,+4.959E+00,+1.143E+00
-113.400E+00,+4.941E+00,+1.143E+00
-113.300E+00,+4.931E+00,+1.143E+00
-113.200E+00,+4.929E+00,+1.145E+00
-113.100E+00,+4.927E+00,+1.147E+00
-113.000E+00,+4.922E+00,+1.147E+00
-112.900E+00,+4.912E+00,+1.147E+00
-112.800E+00,+4.898E+00,+1.162E+00
-112.700E+00,+4.890E+00,+1.184E+00
-112.600E+00,+4.890E+00,+1.186E+00
-112.500E+00,+4.888E+00,+1.186E+00
-112.400E+00,+4.879E+00,+1.190E+00
-112.300E+00,+4.869E+00,+1.199E+00
-112.200E+00,+4.867E+00,+1.201E+00
-112.100E+00,+4.861E+00,+1.203E+00
-112.000E+00,+4.849E+00,+1.203E+00
-111.900E+00,+4.834E+00,+1.213E+00
-111.800E+00,+4.820E+00,+1.219E+00
-111.700E+00,+4.816E+00,+1.219E+00
-111.600E+00,+4.812E+00,+1.221E+00
-111.500E+00,+4.808E+00,+1.223E+00
-111.400E+00,+4.802E+00,+1.227E+00
-111.300E+00,+4.795E+00,+1.229E+00
-111.200E+00,+4.791E+00,+1.233E+00
-111.100E+00,+4.789E+00,+1.266E+00
-111.000E+00,+4.787E+00,+1.280E+00
-110.900E+00,+4.783E+00,+1.280E+00
-110.800E+00,+4.773E+00,+1.281E+00
-110.700E+00,+4.765E+00,+1.309E+00
-110.600E+00,+4.761E+00,+1.315E+00
-110.500E+00,+4.760E+00,+1.319E+00
-110.400E+00,+4.760E+00,+1.321E+00
-110.300E+00,+4.758E+00,+1.321E+00
-110.200E+00,+4.752E+00,+1.321E+00
-110.100E+00,+4.746E+00,+1.321E+00
-110.000E+00,+4.742E+00,+1.321E+00
-109.900E+00,+4.738E+00,+1.323E+00
-109.800E+00,+4.728E+00,+1.332E+00
-109.700E+00,+4.717E+00,+1.336E+00
-109.600E+00,+4.717E+00,+1.342E+00
-109.500E+00,+4.715E+00,+1.342E+00
-109.400E+00,+4.715E+00,+1.342E+00
-109.300E+00,+4.713E+00,+1.346E+00
-109.200E+00,+4.711E+00,+1.348E+00
-109.100E+00,+4.705E+00,+1.348E+00
-109.000E+00,+4.687E+00,+1.356E+00
-108.900E+00,+4.668E+00,+1.356E+00
-108.800E+00,+4.664E+00,+1.360E+00
-108.700E+00,+4.664E+00,+1.387E+00
