%x-axis,1,2
%second,Volt,Volt

s1 = [...
-105.500E+00,+5.395E+00,+1.079E+00
-105.400E+00,+5.395E+00,+1.079E+00
-105.300E+00,+5.397E+00,+1.079E+00
-105.200E+00,+5.397E+00,+1.079E+00
-105.100E+00,+5.399E+00,+1.079E+00
-105.000E+00,+5.401E+00,+1.079E+00
-104.900E+00,+5.403E+00,+1.079E+00
-104.800E+00,+5.405E+00,+1.079E+00
-104.700E+00,+5.405E+00,+1.079E+00
-104.600E+00,+5.407E+00,+1.079E+00
-104.500E+00,+5.407E+00,+1.079E+00
-104.400E+00,+5.407E+00,+1.079E+00
-104.300E+00,+5.407E+00,+1.079E+00
-104.200E+00,+5.407E+00,+1.079E+00
-104.100E+00,+5.409E+00,+1.079E+00
-104.000E+00,+5.411E+00,+1.079E+00
-103.900E+00,+5.411E+00,+1.079E+00
-103.800E+00,+5.411E+00,+1.079E+00
-103.700E+00,+5.413E+00,+1.079E+00
-103.600E+00,+5.413E+00,+1.079E+00
-103.500E+00,+5.413E+00,+1.079E+00
-103.400E+00,+5.415E+00,+1.079E+00
-103.300E+00,+5.415E+00,+1.079E+00
-103.200E+00,+5.415E+00,+1.079E+00
-103.100E+00,+5.417E+00,+1.079E+00
-103.000E+00,+5.417E+00,+1.079E+00
-102.900E+00,+5.418E+00,+1.079E+00
-102.800E+00,+5.418E+00,+1.079E+00
-102.700E+00,+5.420E+00,+1.079E+00
-102.600E+00,+5.420E+00,+1.079E+00
-102.500E+00,+5.420E+00,+1.079E+00
-102.400E+00,+5.420E+00,+1.079E+00
-102.300E+00,+5.422E+00,+1.079E+00
-102.200E+00,+5.422E+00,+1.079E+00
-102.100E+00,+5.422E+00,+1.079E+00
-102.000E+00,+5.422E+00,+1.079E+00
-101.900E+00,+5.422E+00,+1.079E+00
-101.800E+00,+5.424E+00,+1.079E+00
-101.700E+00,+5.426E+00,+1.079E+00
-101.600E+00,+5.426E+00,+1.079E+00
-101.500E+00,+5.426E+00,+1.079E+00
-101.400E+00,+5.426E+00,+1.079E+00
-101.300E+00,+5.428E+00,+1.079E+00
-101.200E+00,+5.428E+00,+1.079E+00
-101.100E+00,+5.430E+00,+1.079E+00
-101.000E+00,+5.430E+00,+1.079E+00
-100.900E+00,+5.430E+00,+1.079E+00
-100.800E+00,+5.432E+00,+1.079E+00
-100.700E+00,+5.432E+00,+1.079E+00
-100.600E+00,+5.432E+00,+1.079E+00
-100.500E+00,+5.432E+00,+1.079E+00
-100.400E+00,+5.432E+00,+1.079E+00
-100.300E+00,+5.434E+00,+1.079E+00
-100.200E+00,+5.434E+00,+1.079E+00
-100.100E+00,+5.434E+00,+1.079E+00
-100.000E+00,+5.434E+00,+1.079E+00
-99.900E+00,+5.434E+00,+1.079E+00
-99.800E+00,+5.436E+00,+1.079E+00
-99.700E+00,+5.436E+00,+1.079E+00
-99.600E+00,+5.436E+00,+1.079E+00
-99.500E+00,+5.436E+00,+1.079E+00
-99.400E+00,+5.438E+00,+1.079E+00
-99.300E+00,+5.440E+00,+1.079E+00
-99.200E+00,+5.440E+00,+1.079E+00
-99.100E+00,+5.440E+00,+1.079E+00
-99.000E+00,+5.440E+00,+1.079E+00
-98.900E+00,+5.442E+00,+1.081E+00
-98.800E+00,+5.442E+00,+1.081E+00
-98.700E+00,+5.442E+00,+1.081E+00
-98.600E+00,+5.442E+00,+1.081E+00
-98.500E+00,+5.442E+00,+1.081E+00
-98.400E+00,+5.442E+00,+1.081E+00
-98.300E+00,+5.442E+00,+1.081E+00
-98.200E+00,+5.440E+00,+1.081E+00
-98.100E+00,+5.440E+00,+1.081E+00
-98.000E+00,+5.440E+00,+1.081E+00
-97.900E+00,+5.440E+00,+1.081E+00
-97.800E+00,+5.440E+00,+1.081E+00
-97.700E+00,+5.440E+00,+1.081E+00
-97.600E+00,+5.440E+00,+1.081E+00
-97.500E+00,+5.440E+00,+1.081E+00
-97.400E+00,+5.440E+00,+1.081E+00
-97.300E+00,+5.440E+00,+1.081E+00
-97.200E+00,+5.440E+00,+1.081E+00
-97.100E+00,+5.440E+00,+1.081E+00
-97.000E+00,+5.440E+00,+1.081E+00
-96.900E+00,+5.440E+00,+1.081E+00
-96.800E+00,+5.440E+00,+1.081E+00
-96.700E+00,+5.440E+00,+1.079E+00
-96.600E+00,+5.440E+00,+1.079E+00
-96.500E+00,+5.440E+00,+1.079E+00
-96.400E+00,+5.440E+00,+1.079E+00
-96.300E+00,+5.440E+00,+1.079E+00
-96.200E+00,+5.440E+00,+1.079E+00
-96.100E+00,+5.440E+00,+1.079E+00
-96.000E+00,+5.440E+00,+1.079E+00
-95.900E+00,+5.440E+00,+1.079E+00
-95.800E+00,+5.440E+00,+1.079E+00
-95.700E+00,+5.440E+00,+1.079E+00
-95.600E+00,+5.440E+00,+1.079E+00
-95.500E+00,+5.440E+00,+1.079E+00
-95.400E+00,+5.440E+00,+1.079E+00
-95.300E+00,+5.440E+00,+1.079E+00
-95.200E+00,+5.440E+00,+1.079E+00
-95.100E+00,+5.440E+00,+1.081E+00
-95.000E+00,+5.440E+00,+1.081E+00
-94.900E+00,+5.440E+00,+1.081E+00
-94.800E+00,+5.440E+00,+1.079E+00
-94.700E+00,+5.440E+00,+1.079E+00
-94.600E+00,+5.440E+00,+1.079E+00
-94.500E+00,+5.440E+00,+1.079E+00
-94.400E+00,+5.440E+00,+1.079E+00
-94.300E+00,+5.440E+00,+1.079E+00
-94.200E+00,+5.440E+00,+1.079E+00
-94.100E+00,+5.438E+00,+1.079E+00
-94.000E+00,+5.434E+00,+1.079E+00
-93.900E+00,+5.430E+00,+1.079E+00
-93.800E+00,+5.426E+00,+1.079E+00
-93.700E+00,+5.418E+00,+1.079E+00
-93.600E+00,+5.411E+00,+1.079E+00
-93.500E+00,+5.407E+00,+1.079E+00
-93.400E+00,+5.403E+00,+1.079E+00
-93.300E+00,+5.397E+00,+1.079E+00
-93.200E+00,+5.385E+00,+1.079E+00
-93.100E+00,+5.368E+00,+1.079E+00
-93.000E+00,+5.342E+00,+1.079E+00
-92.900E+00,+5.315E+00,+1.079E+00
-92.800E+00,+5.301E+00,+1.079E+00
-92.700E+00,+5.292E+00,+1.079E+00
-92.600E+00,+5.284E+00,+1.079E+00
-92.500E+00,+5.276E+00,+1.079E+00
-92.400E+00,+5.270E+00,+1.079E+00
-92.300E+00,+5.264E+00,+1.079E+00
-92.200E+00,+5.254E+00,+1.079E+00
-92.100E+00,+5.245E+00,+1.079E+00
-92.000E+00,+5.233E+00,+1.079E+00
-91.900E+00,+5.229E+00,+1.081E+00
-91.800E+00,+5.227E+00,+1.079E+00
-91.700E+00,+5.215E+00,+1.081E+00
-91.600E+00,+5.196E+00,+1.081E+00
-91.500E+00,+5.176E+00,+1.079E+00
-91.400E+00,+5.165E+00,+1.081E+00
-91.300E+00,+5.161E+00,+1.081E+00
-91.200E+00,+5.159E+00,+1.081E+00
-91.100E+00,+5.153E+00,+1.081E+00
-91.000E+00,+5.145E+00,+1.081E+00
-90.900E+00,+5.135E+00,+1.081E+00
-90.800E+00,+5.125E+00,+1.079E+00
-90.700E+00,+5.116E+00,+1.079E+00
-90.600E+00,+5.112E+00,+1.081E+00
-90.500E+00,+5.100E+00,+1.083E+00
-90.400E+00,+5.090E+00,+1.081E+00
-90.300E+00,+5.083E+00,+1.081E+00
-90.200E+00,+5.077E+00,+1.083E+00
-90.100E+00,+5.073E+00,+1.084E+00
-90.000E+00,+5.067E+00,+1.086E+00
-89.900E+00,+5.063E+00,+1.086E+00
-89.800E+00,+5.059E+00,+1.088E+00
-89.700E+00,+5.051E+00,+1.092E+00
-89.600E+00,+5.034E+00,+1.120E+00
-89.500E+00,+5.024E+00,+1.143E+00
-89.400E+00,+5.016E+00,+1.147E+00
-89.300E+00,+5.004E+00,+1.147E+00
-89.200E+00,+4.999E+00,+1.157E+00
-89.100E+00,+4.997E+00,+1.170E+00
-89.000E+00,+4.991E+00,+1.174E+00
-88.900E+00,+4.983E+00,+1.176E+00
-88.800E+00,+4.979E+00,+1.180E+00
-88.700E+00,+4.975E+00,+1.180E+00
-88.600E+00,+4.967E+00,+1.180E+00
-88.500E+00,+4.954E+00,+1.186E+00
-88.400E+00,+4.940E+00,+1.188E+00
-88.300E+00,+4.932E+00,+1.188E+00
-88.200E+00,+4.930E+00,+1.196E+00
-88.100E+00,+4.926E+00,+1.196E+00
-88.000E+00,+4.918E+00,+1.196E+00
-87.900E+00,+4.911E+00,+1.209E+00
-87.800E+00,+4.901E+00,+1.256E+00
-87.700E+00,+4.895E+00,+1.262E+00
-87.600E+00,+4.895E+00,+1.266E+00
-87.500E+00,+4.891E+00,+1.262E+00
-87.400E+00,+4.887E+00,+1.274E+00
-87.300E+00,+4.875E+00,+1.297E+00
-87.200E+00,+4.862E+00,+1.297E+00
-87.100E+00,+4.858E+00,+1.297E+00
-87.000E+00,+4.856E+00,+1.297E+00
-86.900E+00,+4.850E+00,+1.297E+00
-86.800E+00,+4.844E+00,+1.297E+00
-86.700E+00,+4.831E+00,+1.299E+00
-86.600E+00,+4.819E+00,+1.305E+00
-86.500E+00,+4.815E+00,+1.319E+00
-86.400E+00,+4.811E+00,+1.329E+00
-86.300E+00,+4.807E+00,+1.334E+00
-86.200E+00,+4.801E+00,+1.334E+00
-86.100E+00,+4.790E+00,+1.334E+00
-86.000E+00,+4.786E+00,+1.334E+00
-85.900E+00,+4.784E+00,+1.334E+00
-85.800E+00,+4.782E+00,+1.356E+00
-85.700E+00,+4.780E+00,+1.424E+00
-85.600E+00,+4.776E+00,+1.436E+00
-85.500E+00,+4.770E+00,+1.436E+00
-85.400E+00,+4.768E+00,+1.438E+00
-85.300E+00,+4.762E+00,+1.438E+00
-85.200E+00,+4.750E+00,+1.440E+00
-85.100E+00,+4.743E+00,+1.440E+00
-85.000E+00,+4.741E+00,+1.440E+00
-84.900E+00,+4.741E+00,+1.442E+00
-84.800E+00,+4.739E+00,+1.442E+00
-84.700E+00,+4.737E+00,+1.444E+00
-84.600E+00,+4.723E+00,+1.467E+00
-84.500E+00,+4.709E+00,+1.487E+00
-84.400E+00,+4.708E+00,+1.495E+00
-84.300E+00,+4.708E+00,+1.495E+00
-84.200E+00,+4.704E+00,+1.495E+00
-84.100E+00,+4.694E+00,+1.493E+00
-84.000E+00,+4.680E+00,+1.493E+00
-83.900E+00,+4.670E+00,+1.497E+00
-83.800E+00,+4.663E+00,+1.510E+00
-83.700E+00,+4.653E+00,+1.522E+00
-83.600E+00,+4.651E+00,+1.524E+00
-83.500E+00,+4.651E+00,+1.538E+00
-83.400E+00,+4.651E+00,+1.553E+00
-83.300E+00,+4.641E+00,+1.563E+00
-83.200E+00,+4.637E+00,+1.567E+00
-83.100E+00,+4.637E+00,+1.569E+00
