%x-axis,1,2
%second,Volt,Volt

s2=[...
-110.900E+00,+5.549E+00,+1.077E+00
-110.800E+00,+5.549E+00,+1.077E+00
-110.700E+00,+5.549E+00,+1.077E+00
-110.600E+00,+5.549E+00,+1.077E+00
-110.500E+00,+5.549E+00,+1.077E+00
-110.400E+00,+5.549E+00,+1.077E+00
-110.300E+00,+5.549E+00,+1.077E+00
-110.200E+00,+5.549E+00,+1.077E+00
-110.100E+00,+5.549E+00,+1.077E+00
-110.000E+00,+5.549E+00,+1.077E+00
-109.900E+00,+5.549E+00,+1.077E+00
-109.800E+00,+5.551E+00,+1.077E+00
-109.700E+00,+5.551E+00,+1.077E+00
-109.600E+00,+5.551E+00,+1.077E+00
-109.500E+00,+5.551E+00,+1.077E+00
-109.400E+00,+5.549E+00,+1.077E+00
-109.300E+00,+5.549E+00,+1.077E+00
-109.200E+00,+5.551E+00,+1.077E+00
-109.100E+00,+5.551E+00,+1.077E+00
-109.000E+00,+5.551E+00,+1.077E+00
-108.900E+00,+5.551E+00,+1.077E+00
-108.800E+00,+5.551E+00,+1.077E+00
-108.700E+00,+5.551E+00,+1.077E+00
-108.600E+00,+5.551E+00,+1.077E+00
-108.500E+00,+5.551E+00,+1.077E+00
-108.400E+00,+5.551E+00,+1.077E+00
-108.300E+00,+5.551E+00,+1.077E+00
-108.200E+00,+5.551E+00,+1.077E+00
-108.100E+00,+5.551E+00,+1.077E+00
-108.000E+00,+5.549E+00,+1.077E+00
-107.900E+00,+5.551E+00,+1.077E+00
-107.800E+00,+5.551E+00,+1.077E+00
-107.700E+00,+5.551E+00,+1.077E+00
-107.600E+00,+5.551E+00,+1.077E+00
-107.500E+00,+5.551E+00,+1.077E+00
-107.400E+00,+5.551E+00,+1.077E+00
-107.300E+00,+5.549E+00,+1.077E+00
-107.200E+00,+5.551E+00,+1.077E+00
-107.100E+00,+5.549E+00,+1.077E+00
-107.000E+00,+5.549E+00,+1.077E+00
-106.900E+00,+5.549E+00,+1.077E+00
-106.800E+00,+5.551E+00,+1.077E+00
-106.700E+00,+5.551E+00,+1.077E+00
-106.600E+00,+5.551E+00,+1.077E+00
-106.500E+00,+5.551E+00,+1.077E+00
-106.400E+00,+5.551E+00,+1.077E+00
-106.300E+00,+5.551E+00,+1.077E+00
-106.200E+00,+5.551E+00,+1.077E+00
-106.100E+00,+5.551E+00,+1.077E+00
-106.000E+00,+5.551E+00,+1.077E+00
-105.900E+00,+5.549E+00,+1.077E+00
-105.800E+00,+5.551E+00,+1.077E+00
-105.700E+00,+5.551E+00,+1.077E+00
-105.600E+00,+5.551E+00,+1.077E+00
-105.500E+00,+5.549E+00,+1.077E+00
-105.400E+00,+5.549E+00,+1.077E+00
-105.300E+00,+5.551E+00,+1.077E+00
-105.200E+00,+5.551E+00,+1.077E+00
-105.100E+00,+5.551E+00,+1.077E+00
-105.000E+00,+5.551E+00,+1.077E+00
-104.900E+00,+5.551E+00,+1.077E+00
-104.800E+00,+5.551E+00,+1.077E+00
-104.700E+00,+5.551E+00,+1.077E+00
-104.600E+00,+5.551E+00,+1.077E+00
-104.500E+00,+5.551E+00,+1.077E+00
-104.400E+00,+5.551E+00,+1.077E+00
-104.300E+00,+5.551E+00,+1.077E+00
-104.200E+00,+5.551E+00,+1.077E+00
-104.100E+00,+5.551E+00,+1.077E+00
-104.000E+00,+5.551E+00,+1.077E+00
-103.900E+00,+5.551E+00,+1.077E+00
-103.800E+00,+5.551E+00,+1.077E+00
-103.700E+00,+5.551E+00,+1.077E+00
-103.600E+00,+5.551E+00,+1.077E+00
-103.500E+00,+5.551E+00,+1.077E+00
-103.400E+00,+5.551E+00,+1.077E+00
-103.300E+00,+5.551E+00,+1.077E+00
-103.200E+00,+5.551E+00,+1.077E+00
-103.100E+00,+5.551E+00,+1.077E+00
-103.000E+00,+5.551E+00,+1.077E+00
-102.900E+00,+5.551E+00,+1.077E+00
-102.800E+00,+5.551E+00,+1.077E+00
-102.700E+00,+5.551E+00,+1.077E+00
-102.600E+00,+5.551E+00,+1.077E+00
-102.500E+00,+5.551E+00,+1.077E+00
-102.400E+00,+5.551E+00,+1.077E+00
-102.300E+00,+5.551E+00,+1.079E+00
-102.200E+00,+5.551E+00,+1.079E+00
-102.100E+00,+5.551E+00,+1.079E+00
-102.000E+00,+5.551E+00,+1.079E+00
-101.900E+00,+5.551E+00,+1.079E+00
-101.800E+00,+5.551E+00,+1.079E+00
-101.700E+00,+5.551E+00,+1.079E+00
-101.600E+00,+5.551E+00,+1.079E+00
-101.500E+00,+5.551E+00,+1.079E+00
-101.400E+00,+5.551E+00,+1.079E+00
-101.300E+00,+5.551E+00,+1.079E+00
-101.200E+00,+5.551E+00,+1.079E+00
-101.100E+00,+5.551E+00,+1.079E+00
-101.000E+00,+5.551E+00,+1.079E+00
-100.900E+00,+5.551E+00,+1.079E+00
-100.800E+00,+5.551E+00,+1.079E+00
-100.700E+00,+5.551E+00,+1.079E+00
-100.600E+00,+5.551E+00,+1.079E+00
-100.500E+00,+5.551E+00,+1.079E+00
-100.400E+00,+5.551E+00,+1.079E+00
-100.300E+00,+5.551E+00,+1.079E+00
-100.200E+00,+5.551E+00,+1.079E+00
-100.100E+00,+5.551E+00,+1.079E+00
-100.000E+00,+5.551E+00,+1.079E+00
-99.900E+00,+5.551E+00,+1.079E+00
-99.800E+00,+5.551E+00,+1.079E+00
-99.700E+00,+5.551E+00,+1.079E+00
-99.600E+00,+5.551E+00,+1.079E+00
-99.500E+00,+5.551E+00,+1.079E+00
-99.400E+00,+5.551E+00,+1.079E+00
-99.300E+00,+5.551E+00,+1.079E+00
-99.200E+00,+5.551E+00,+1.079E+00
-99.100E+00,+5.551E+00,+1.079E+00
-99.000E+00,+5.551E+00,+1.079E+00
-98.900E+00,+5.551E+00,+1.079E+00
-98.800E+00,+5.551E+00,+1.079E+00
-98.700E+00,+5.551E+00,+1.079E+00
-98.600E+00,+5.551E+00,+1.079E+00
-98.500E+00,+5.551E+00,+1.079E+00
-98.400E+00,+5.551E+00,+1.079E+00
-98.300E+00,+5.551E+00,+1.079E+00
-98.200E+00,+5.549E+00,+1.079E+00
-98.100E+00,+5.551E+00,+1.079E+00
-98.000E+00,+5.551E+00,+1.079E+00
-97.900E+00,+5.549E+00,+1.079E+00
-97.800E+00,+5.551E+00,+1.079E+00
-97.700E+00,+5.551E+00,+1.079E+00
-97.600E+00,+5.549E+00,+1.079E+00
-97.500E+00,+5.549E+00,+1.079E+00
-97.400E+00,+5.549E+00,+1.079E+00
-97.300E+00,+5.549E+00,+1.079E+00
-97.200E+00,+5.543E+00,+1.079E+00
-97.100E+00,+5.528E+00,+1.079E+00
-97.000E+00,+5.518E+00,+1.079E+00
-96.900E+00,+5.512E+00,+1.079E+00
-96.800E+00,+5.510E+00,+1.079E+00
-96.700E+00,+5.502E+00,+1.079E+00
-96.600E+00,+5.481E+00,+1.079E+00
-96.500E+00,+5.469E+00,+1.079E+00
-96.400E+00,+5.467E+00,+1.079E+00
-96.300E+00,+5.465E+00,+1.079E+00
-96.200E+00,+5.459E+00,+1.079E+00
-96.100E+00,+5.446E+00,+1.079E+00
-96.000E+00,+5.442E+00,+1.079E+00
-95.900E+00,+5.440E+00,+1.079E+00
-95.800E+00,+5.438E+00,+1.079E+00
-95.700E+00,+5.434E+00,+1.079E+00
-95.600E+00,+5.430E+00,+1.079E+00
-95.500E+00,+5.420E+00,+1.079E+00
-95.400E+00,+5.415E+00,+1.079E+00
-95.300E+00,+5.411E+00,+1.079E+00
-95.200E+00,+5.403E+00,+1.079E+00
-95.100E+00,+5.395E+00,+1.079E+00
-95.000E+00,+5.387E+00,+1.079E+00
-94.900E+00,+5.381E+00,+1.079E+00
-94.800E+00,+5.377E+00,+1.079E+00
-94.700E+00,+5.364E+00,+1.079E+00
-94.600E+00,+5.340E+00,+1.079E+00
-94.500E+00,+5.321E+00,+1.079E+00
-94.400E+00,+5.309E+00,+1.079E+00
-94.300E+00,+5.299E+00,+1.079E+00
-94.200E+00,+5.288E+00,+1.079E+00
-94.100E+00,+5.280E+00,+1.079E+00
-94.000E+00,+5.272E+00,+1.079E+00
-93.900E+00,+5.260E+00,+1.079E+00
-93.800E+00,+5.252E+00,+1.079E+00
-93.700E+00,+5.247E+00,+1.079E+00
-93.600E+00,+5.243E+00,+1.079E+00
-93.500E+00,+5.237E+00,+1.079E+00
-93.400E+00,+5.229E+00,+1.079E+00
-93.300E+00,+5.223E+00,+1.081E+00
-93.200E+00,+5.219E+00,+1.081E+00
-93.100E+00,+5.211E+00,+1.081E+00
-93.000E+00,+5.190E+00,+1.081E+00
-92.900E+00,+5.172E+00,+1.081E+00
-92.800E+00,+5.163E+00,+1.081E+00
-92.700E+00,+5.159E+00,+1.083E+00
-92.600E+00,+5.155E+00,+1.083E+00
-92.500E+00,+5.149E+00,+1.083E+00
-92.400E+00,+5.147E+00,+1.083E+00
-92.300E+00,+5.143E+00,+1.088E+00
-92.200E+00,+5.133E+00,+1.092E+00
-92.100E+00,+5.125E+00,+1.096E+00
-92.000E+00,+5.116E+00,+1.096E+00
-91.900E+00,+5.098E+00,+1.096E+00
-91.800E+00,+5.090E+00,+1.096E+00
-91.700E+00,+5.088E+00,+1.126E+00
-91.600E+00,+5.084E+00,+1.159E+00
-91.500E+00,+5.077E+00,+1.161E+00
-91.400E+00,+5.071E+00,+1.161E+00
-91.300E+00,+5.069E+00,+1.161E+00
-91.200E+00,+5.065E+00,+1.163E+00
-91.100E+00,+5.059E+00,+1.163E+00
-91.000E+00,+5.049E+00,+1.167E+00
-90.900E+00,+5.043E+00,+1.182E+00
-90.800E+00,+5.042E+00,+1.184E+00
-90.700E+00,+5.038E+00,+1.184E+00
-90.600E+00,+5.020E+00,+1.188E+00
-90.500E+00,+5.014E+00,+1.194E+00
-90.400E+00,+5.010E+00,+1.200E+00
-90.300E+00,+5.002E+00,+1.206E+00
-90.200E+00,+4.991E+00,+1.206E+00
-90.100E+00,+4.987E+00,+1.206E+00
-90.000E+00,+4.985E+00,+1.208E+00
-89.900E+00,+4.979E+00,+1.208E+00
-89.800E+00,+4.973E+00,+1.225E+00
-89.700E+00,+4.969E+00,+1.260E+00
-89.600E+00,+4.965E+00,+1.270E+00
-89.500E+00,+4.961E+00,+1.274E+00
-89.400E+00,+4.956E+00,+1.284E+00
-89.300E+00,+4.942E+00,+1.286E+00
-89.200E+00,+4.922E+00,+1.286E+00
-89.100E+00,+4.918E+00,+1.286E+00
-89.000E+00,+4.918E+00,+1.293E+00
-88.900E+00,+4.917E+00,+1.303E+00
-88.800E+00,+4.913E+00,+1.305E+00
-88.700E+00,+4.905E+00,+1.307E+00
-88.600E+00,+4.899E+00,+1.307E+00
