%x-axis,1,2
%second,Volt,Volt

s4=[...
-101.500E+00,+5.559E+00,+1.083E+00
-101.400E+00,+5.559E+00,+1.083E+00
-101.300E+00,+5.559E+00,+1.083E+00
-101.200E+00,+5.557E+00,+1.083E+00
-101.100E+00,+5.557E+00,+1.083E+00
-101.000E+00,+5.559E+00,+1.083E+00
-100.900E+00,+5.559E+00,+1.083E+00
-100.800E+00,+5.559E+00,+1.083E+00
-100.700E+00,+5.557E+00,+1.083E+00
-100.600E+00,+5.559E+00,+1.083E+00
-100.500E+00,+5.559E+00,+1.083E+00
-100.400E+00,+5.559E+00,+1.083E+00
-100.300E+00,+5.559E+00,+1.083E+00
-100.200E+00,+5.559E+00,+1.083E+00
-100.100E+00,+5.559E+00,+1.083E+00
-100.000E+00,+5.559E+00,+1.083E+00
-99.900E+00,+5.559E+00,+1.083E+00
-99.800E+00,+5.559E+00,+1.083E+00
-99.700E+00,+5.559E+00,+1.083E+00
-99.600E+00,+5.559E+00,+1.083E+00
-99.500E+00,+5.557E+00,+1.083E+00
-99.400E+00,+5.557E+00,+1.083E+00
-99.300E+00,+5.559E+00,+1.083E+00
-99.200E+00,+5.557E+00,+1.083E+00
-99.100E+00,+5.557E+00,+1.083E+00
-99.000E+00,+5.559E+00,+1.083E+00
-98.900E+00,+5.559E+00,+1.083E+00
-98.800E+00,+5.559E+00,+1.083E+00
-98.700E+00,+5.559E+00,+1.083E+00
-98.600E+00,+5.559E+00,+1.083E+00
-98.500E+00,+5.559E+00,+1.083E+00
-98.400E+00,+5.559E+00,+1.083E+00
-98.300E+00,+5.559E+00,+1.083E+00
-98.200E+00,+5.557E+00,+1.083E+00
-98.100E+00,+5.559E+00,+1.083E+00
-98.000E+00,+5.559E+00,+1.083E+00
-97.900E+00,+5.559E+00,+1.083E+00
-97.800E+00,+5.559E+00,+1.083E+00
-97.700E+00,+5.559E+00,+1.083E+00
-97.600E+00,+5.559E+00,+1.083E+00
-97.500E+00,+5.559E+00,+1.083E+00
-97.400E+00,+5.557E+00,+1.083E+00
-97.300E+00,+5.557E+00,+1.083E+00
-97.200E+00,+5.559E+00,+1.083E+00
-97.100E+00,+5.559E+00,+1.083E+00
-97.000E+00,+5.557E+00,+1.083E+00
-96.900E+00,+5.557E+00,+1.083E+00
-96.800E+00,+5.559E+00,+1.083E+00
-96.700E+00,+5.559E+00,+1.083E+00
-96.600E+00,+5.559E+00,+1.083E+00
-96.500E+00,+5.559E+00,+1.083E+00
-96.400E+00,+5.559E+00,+1.083E+00
-96.300E+00,+5.559E+00,+1.083E+00
-96.200E+00,+5.559E+00,+1.083E+00
-96.100E+00,+5.559E+00,+1.083E+00
-96.000E+00,+5.559E+00,+1.083E+00
-95.900E+00,+5.559E+00,+1.083E+00
-95.800E+00,+5.559E+00,+1.083E+00
-95.700E+00,+5.559E+00,+1.083E+00
-95.600E+00,+5.557E+00,+1.083E+00
-95.500E+00,+5.559E+00,+1.083E+00
-95.400E+00,+5.557E+00,+1.083E+00
-95.300E+00,+5.557E+00,+1.083E+00
-95.200E+00,+5.559E+00,+1.083E+00
-95.100E+00,+5.559E+00,+1.083E+00
-95.000E+00,+5.557E+00,+1.083E+00
-94.900E+00,+5.557E+00,+1.083E+00
-94.800E+00,+5.559E+00,+1.083E+00
-94.700E+00,+5.559E+00,+1.083E+00
-94.600E+00,+5.559E+00,+1.083E+00
-94.500E+00,+5.559E+00,+1.083E+00
-94.400E+00,+5.559E+00,+1.083E+00
-94.300E+00,+5.559E+00,+1.083E+00
-94.200E+00,+5.559E+00,+1.083E+00
-94.100E+00,+5.559E+00,+1.083E+00
-94.000E+00,+5.559E+00,+1.083E+00
-93.900E+00,+5.559E+00,+1.083E+00
-93.800E+00,+5.557E+00,+1.083E+00
-93.700E+00,+5.559E+00,+1.083E+00
-93.600E+00,+5.559E+00,+1.083E+00
-93.500E+00,+5.559E+00,+1.083E+00
-93.400E+00,+5.557E+00,+1.083E+00
-93.300E+00,+5.557E+00,+1.083E+00
-93.200E+00,+5.559E+00,+1.083E+00
-93.100E+00,+5.559E+00,+1.083E+00
-93.000E+00,+5.557E+00,+1.083E+00
-92.900E+00,+5.557E+00,+1.083E+00
-92.800E+00,+5.559E+00,+1.083E+00
-92.700E+00,+5.559E+00,+1.083E+00
-92.600E+00,+5.559E+00,+1.083E+00
-92.500E+00,+5.559E+00,+1.083E+00
-92.400E+00,+5.559E+00,+1.083E+00
-92.300E+00,+5.559E+00,+1.083E+00
-92.200E+00,+5.559E+00,+1.083E+00
-92.100E+00,+5.559E+00,+1.083E+00
-92.000E+00,+5.559E+00,+1.083E+00
-91.900E+00,+5.559E+00,+1.083E+00
-91.800E+00,+5.557E+00,+1.083E+00
-91.700E+00,+5.557E+00,+1.083E+00
-91.600E+00,+5.559E+00,+1.083E+00
-91.500E+00,+5.559E+00,+1.083E+00
-91.400E+00,+5.557E+00,+1.083E+00
-91.300E+00,+5.557E+00,+1.083E+00
-91.200E+00,+5.559E+00,+1.083E+00
-91.100E+00,+5.559E+00,+1.083E+00
-91.000E+00,+5.559E+00,+1.083E+00
-90.900E+00,+5.559E+00,+1.083E+00
-90.800E+00,+5.559E+00,+1.083E+00
-90.700E+00,+5.559E+00,+1.083E+00
-90.600E+00,+5.559E+00,+1.083E+00
-90.500E+00,+5.557E+00,+1.083E+00
-90.400E+00,+5.557E+00,+1.083E+00
-90.300E+00,+5.559E+00,+1.083E+00
-90.200E+00,+5.559E+00,+1.083E+00
-90.100E+00,+5.559E+00,+1.083E+00
-90.000E+00,+5.557E+00,+1.083E+00
-89.900E+00,+5.557E+00,+1.083E+00
-89.800E+00,+5.559E+00,+1.083E+00
-89.700E+00,+5.559E+00,+1.083E+00
-89.600E+00,+5.559E+00,+1.083E+00
-89.500E+00,+5.559E+00,+1.083E+00
-89.400E+00,+5.559E+00,+1.083E+00
-89.300E+00,+5.559E+00,+1.083E+00
-89.200E+00,+5.559E+00,+1.083E+00
-89.100E+00,+5.559E+00,+1.083E+00
-89.000E+00,+5.559E+00,+1.083E+00
-88.900E+00,+5.557E+00,+1.083E+00
-88.800E+00,+5.557E+00,+1.083E+00
-88.700E+00,+5.559E+00,+1.083E+00
-88.600E+00,+5.559E+00,+1.083E+00
-88.500E+00,+5.559E+00,+1.083E+00
-88.400E+00,+5.557E+00,+1.083E+00
-88.300E+00,+5.557E+00,+1.083E+00
-88.200E+00,+5.559E+00,+1.083E+00
-88.100E+00,+5.559E+00,+1.083E+00
-88.000E+00,+5.559E+00,+1.083E+00
-87.900E+00,+5.559E+00,+1.083E+00
-87.800E+00,+5.559E+00,+1.083E+00
-87.700E+00,+5.559E+00,+1.083E+00
-87.600E+00,+5.559E+00,+1.083E+00
-87.500E+00,+5.559E+00,+1.083E+00
-87.400E+00,+5.559E+00,+1.083E+00
-87.300E+00,+5.557E+00,+1.083E+00
-87.200E+00,+5.557E+00,+1.083E+00
-87.100E+00,+5.559E+00,+1.083E+00
-87.000E+00,+5.557E+00,+1.083E+00
-86.900E+00,+5.559E+00,+1.083E+00
-86.800E+00,+5.559E+00,+1.083E+00
-86.700E+00,+5.559E+00,+1.083E+00
-86.600E+00,+5.557E+00,+1.083E+00
-86.500E+00,+5.557E+00,+1.083E+00
-86.400E+00,+5.559E+00,+1.083E+00
-86.300E+00,+5.559E+00,+1.083E+00
-86.200E+00,+5.557E+00,+1.083E+00
-86.100E+00,+5.559E+00,+1.083E+00
-86.000E+00,+5.559E+00,+1.083E+00
-85.900E+00,+5.559E+00,+1.083E+00
-85.800E+00,+5.559E+00,+1.083E+00
-85.700E+00,+5.557E+00,+1.083E+00
-85.600E+00,+5.557E+00,+1.083E+00
-85.500E+00,+5.559E+00,+1.083E+00
-85.400E+00,+5.559E+00,+1.083E+00
-85.300E+00,+5.559E+00,+1.083E+00
-85.200E+00,+5.559E+00,+1.083E+00
-85.100E+00,+5.559E+00,+1.083E+00
-85.000E+00,+5.557E+00,+1.083E+00
-84.900E+00,+5.557E+00,+1.083E+00
-84.800E+00,+5.559E+00,+1.083E+00
-84.700E+00,+5.559E+00,+1.083E+00
-84.600E+00,+5.557E+00,+1.083E+00
-84.500E+00,+5.557E+00,+1.083E+00
-84.400E+00,+5.559E+00,+1.083E+00
-84.300E+00,+5.559E+00,+1.083E+00
-84.200E+00,+5.557E+00,+1.083E+00
-84.100E+00,+5.557E+00,+1.083E+00
-84.000E+00,+5.559E+00,+1.083E+00
-83.900E+00,+5.559E+00,+1.083E+00
-83.800E+00,+5.559E+00,+1.083E+00
-83.700E+00,+5.557E+00,+1.083E+00
-83.600E+00,+5.559E+00,+1.083E+00
-83.500E+00,+5.559E+00,+1.083E+00
-83.400E+00,+5.559E+00,+1.083E+00
-83.300E+00,+5.559E+00,+1.083E+00
-83.200E+00,+5.559E+00,+1.083E+00
-83.100E+00,+5.559E+00,+1.083E+00
-83.000E+00,+5.559E+00,+1.083E+00
-82.900E+00,+5.559E+00,+1.083E+00
-82.800E+00,+5.559E+00,+1.083E+00
-82.700E+00,+5.559E+00,+1.083E+00
-82.600E+00,+5.559E+00,+1.083E+00
-82.500E+00,+5.559E+00,+1.083E+00
-82.400E+00,+5.559E+00,+1.083E+00
-82.300E+00,+5.559E+00,+1.083E+00
-82.200E+00,+5.559E+00,+1.083E+00
-82.100E+00,+5.559E+00,+1.083E+00
-82.000E+00,+5.559E+00,+1.083E+00
-81.900E+00,+5.559E+00,+1.083E+00
-81.800E+00,+5.559E+00,+1.083E+00
-81.700E+00,+5.559E+00,+1.083E+00
-81.600E+00,+5.559E+00,+1.083E+00
-81.500E+00,+5.559E+00,+1.083E+00
-81.400E+00,+5.559E+00,+1.083E+00
-81.300E+00,+5.559E+00,+1.083E+00
-81.200E+00,+5.559E+00,+1.083E+00
-81.100E+00,+5.559E+00,+1.083E+00
-81.000E+00,+5.559E+00,+1.083E+00
-80.900E+00,+5.559E+00,+1.083E+00
-80.800E+00,+5.559E+00,+1.083E+00
-80.700E+00,+5.559E+00,+1.083E+00
-80.600E+00,+5.559E+00,+1.084E+00
-80.500E+00,+5.559E+00,+1.083E+00
-80.400E+00,+5.559E+00,+1.083E+00
-80.300E+00,+5.559E+00,+1.084E+00
-80.200E+00,+5.559E+00,+1.083E+00
-80.100E+00,+5.559E+00,+1.083E+00
-80.000E+00,+5.559E+00,+1.083E+00
-79.900E+00,+5.559E+00,+1.083E+00
-79.800E+00,+5.559E+00,+1.083E+00
-79.700E+00,+5.559E+00,+1.083E+00
-79.600E+00,+5.559E+00,+1.084E+00
-79.500E+00,+5.559E+00,+1.083E+00
-79.400E+00,+5.559E+00,+1.083E+00
-79.300E+00,+5.559E+00,+1.083E+00
-79.200E+00,+5.559E+00,+1.083E+00
-79.100E+00,+5.559E+00,+1.083E+00
-79.000E+00,+5.559E+00,+1.083E+00
