%x-axis,1
%second,Volt

V2 = [...
-4.000000E+00,+13.672E-03
-3.995000E+00,+13.672E-03
-3.990000E+00,+13.672E-03
-3.985000E+00,+13.672E-03
-3.980000E+00,+14.063E-03
-3.975000E+00,+14.063E-03
-3.970000E+00,+13.672E-03
-3.965000E+00,+13.672E-03
-3.960000E+00,+14.063E-03
-3.955000E+00,+14.063E-03
-3.950000E+00,+13.672E-03
-3.945000E+00,+13.672E-03
-3.940000E+00,+13.672E-03
-3.935000E+00,+13.672E-03
-3.930000E+00,+14.063E-03
-3.925000E+00,+13.672E-03
-3.920000E+00,+13.672E-03
-3.915000E+00,+13.672E-03
-3.910000E+00,+14.063E-03
-3.905000E+00,+13.672E-03
-3.900000E+00,+13.672E-03
-3.895000E+00,+14.063E-03
-3.890000E+00,+13.672E-03
-3.885000E+00,+13.672E-03
-3.880000E+00,+13.672E-03
-3.875000E+00,+14.063E-03
-3.870000E+00,+13.672E-03
-3.865000E+00,+13.672E-03
-3.860000E+00,+14.063E-03
-3.855000E+00,+13.672E-03
-3.850000E+00,+13.672E-03
-3.845000E+00,+13.672E-03
-3.840000E+00,+13.672E-03
-3.835000E+00,+13.672E-03
-3.830000E+00,+13.672E-03
-3.825000E+00,+13.672E-03
-3.820000E+00,+13.672E-03
-3.815000E+00,+14.063E-03
-3.810000E+00,+14.063E-03
-3.805000E+00,+13.672E-03
-3.800000E+00,+13.672E-03
-3.795000E+00,+14.063E-03
-3.790000E+00,+13.672E-03
-3.785000E+00,+13.672E-03
-3.780000E+00,+13.672E-03
-3.775000E+00,+13.672E-03
-3.770000E+00,+13.672E-03
-3.765000E+00,+14.063E-03
-3.760000E+00,+13.672E-03
-3.755000E+00,+13.672E-03
-3.750000E+00,+13.672E-03
-3.745000E+00,+13.672E-03
-3.740000E+00,+14.063E-03
-3.735000E+00,+13.281E-03
-3.730000E+00,+14.063E-03
-3.725000E+00,+14.063E-03
-3.720000E+00,+13.672E-03
-3.715000E+00,+14.063E-03
-3.710000E+00,+13.672E-03
-3.705000E+00,+13.672E-03
-3.700000E+00,+13.672E-03
-3.695000E+00,+14.063E-03
-3.690000E+00,+14.063E-03
-3.685000E+00,+13.672E-03
-3.680000E+00,+14.063E-03
-3.675000E+00,+14.063E-03
-3.670000E+00,+13.672E-03
-3.665000E+00,+13.672E-03
-3.660000E+00,+13.672E-03
-3.655000E+00,+13.672E-03
-3.650000E+00,+13.672E-03
-3.645000E+00,+14.063E-03
-3.640000E+00,+13.672E-03
-3.635000E+00,+13.672E-03
-3.630000E+00,+13.672E-03
-3.625000E+00,+13.672E-03
-3.620000E+00,+14.063E-03
-3.615000E+00,+13.672E-03
-3.610000E+00,+14.063E-03
-3.605000E+00,+13.672E-03
-3.600000E+00,+13.672E-03
-3.595000E+00,+13.672E-03
-3.590000E+00,+13.672E-03
-3.585000E+00,+13.672E-03
-3.580000E+00,+13.672E-03
-3.575000E+00,+14.063E-03
-3.570000E+00,+13.672E-03
-3.565000E+00,+13.672E-03
-3.560000E+00,+14.063E-03
-3.555000E+00,+13.672E-03
-3.550000E+00,+13.672E-03
-3.545000E+00,+13.672E-03
-3.540000E+00,+13.672E-03
-3.535000E+00,+13.672E-03
-3.530000E+00,+13.672E-03
-3.525000E+00,+14.063E-03
-3.520000E+00,+13.672E-03
-3.515000E+00,+13.672E-03
-3.510000E+00,+13.672E-03
-3.505000E+00,+13.672E-03
-3.500000E+00,+13.672E-03
-3.495000E+00,+13.672E-03
-3.490000E+00,+14.063E-03
-3.485000E+00,+13.672E-03
-3.480000E+00,+13.672E-03
-3.475000E+00,+14.063E-03
-3.470000E+00,+13.672E-03
-3.465000E+00,+13.672E-03
-3.460000E+00,+14.063E-03
-3.455000E+00,+14.063E-03
-3.450000E+00,+13.672E-03
-3.445000E+00,+13.672E-03
-3.440000E+00,+14.063E-03
-3.435000E+00,+13.672E-03
-3.430000E+00,+14.063E-03
-3.425000E+00,+13.672E-03
-3.420000E+00,+13.672E-03
-3.415000E+00,+13.672E-03
-3.410000E+00,+13.672E-03
-3.405000E+00,+14.063E-03
-3.400000E+00,+13.672E-03
-3.395000E+00,+13.672E-03
-3.390000E+00,+14.063E-03
-3.385000E+00,+13.672E-03
-3.380000E+00,+14.063E-03
-3.375000E+00,+13.672E-03
-3.370000E+00,+13.672E-03
-3.365000E+00,+13.672E-03
-3.360000E+00,+13.672E-03
-3.355000E+00,+13.672E-03
-3.350000E+00,+13.672E-03
-3.345000E+00,+13.672E-03
-3.340000E+00,+13.672E-03
-3.335000E+00,+13.672E-03
-3.330000E+00,+13.672E-03
-3.325000E+00,+13.672E-03
-3.320000E+00,+13.672E-03
-3.315000E+00,+13.672E-03
-3.310000E+00,+14.063E-03
-3.305000E+00,+14.063E-03
-3.300000E+00,+13.672E-03
-3.295000E+00,+13.672E-03
-3.290000E+00,+13.672E-03
-3.285000E+00,+14.063E-03
-3.280000E+00,+13.672E-03
-3.275000E+00,+14.063E-03
-3.270000E+00,+13.672E-03
-3.265000E+00,+13.672E-03
-3.260000E+00,+14.063E-03
-3.255000E+00,+13.672E-03
-3.250000E+00,+13.672E-03
-3.245000E+00,+13.672E-03
-3.240000E+00,+13.672E-03
-3.235000E+00,+13.672E-03
-3.230000E+00,+13.672E-03
-3.225000E+00,+13.672E-03
-3.220000E+00,+13.672E-03
-3.215000E+00,+13.672E-03
-3.210000E+00,+13.672E-03
-3.205000E+00,+13.672E-03
-3.200000E+00,+13.672E-03
-3.195000E+00,+13.672E-03
-3.190000E+00,+14.063E-03
-3.185000E+00,+13.672E-03
-3.180000E+00,+14.063E-03
-3.175000E+00,+13.672E-03
-3.170000E+00,+13.672E-03
-3.165000E+00,+14.063E-03
-3.160000E+00,+13.672E-03
-3.155000E+00,+14.063E-03
-3.150000E+00,+13.672E-03
-3.145000E+00,+13.672E-03
-3.140000E+00,+14.063E-03
-3.135000E+00,+13.672E-03
-3.130000E+00,+14.063E-03
-3.125000E+00,+14.063E-03
-3.120000E+00,+13.672E-03
-3.115000E+00,+14.063E-03
-3.110000E+00,+13.672E-03
-3.105000E+00,+13.672E-03
-3.100000E+00,+13.672E-03
-3.095000E+00,+13.672E-03
-3.090000E+00,+13.672E-03
-3.085000E+00,+13.672E-03
-3.080000E+00,+14.063E-03
-3.075000E+00,+13.672E-03
-3.070000E+00,+13.672E-03
-3.065000E+00,+13.672E-03
-3.060000E+00,+14.063E-03
-3.055000E+00,+13.672E-03
-3.050000E+00,+13.672E-03
-3.045000E+00,+14.063E-03
-3.040000E+00,+14.063E-03
-3.035000E+00,+13.672E-03
-3.030000E+00,+13.672E-03
-3.025000E+00,+14.063E-03
-3.020000E+00,+14.063E-03
-3.015000E+00,+13.672E-03
-3.010000E+00,+14.063E-03
-3.005000E+00,+13.672E-03
-3.000000E+00,+14.063E-03
-2.995000E+00,+13.672E-03
-2.990000E+00,+13.672E-03
-2.985000E+00,+13.672E-03
-2.980000E+00,+14.063E-03
-2.975000E+00,+14.063E-03
-2.970000E+00,+13.672E-03
-2.965000E+00,+13.672E-03
-2.960000E+00,+13.672E-03
-2.955000E+00,+13.672E-03
-2.950000E+00,+13.672E-03
-2.945000E+00,+13.672E-03
-2.940000E+00,+13.672E-03
-2.935000E+00,+13.672E-03
-2.930000E+00,+14.063E-03
-2.925000E+00,+14.063E-03
-2.920000E+00,+14.063E-03
-2.915000E+00,+13.672E-03
-2.910000E+00,+14.063E-03
-2.905000E+00,+13.672E-03
-2.900000E+00,+13.672E-03
-2.895000E+00,+13.672E-03
-2.890000E+00,+14.063E-03
-2.885000E+00,+13.672E-03
-2.880000E+00,+13.672E-03
-2.875000E+00,+13.672E-03
-2.870000E+00,+13.672E-03
-2.865000E+00,+13.672E-03
-2.860000E+00,+13.672E-03
-2.855000E+00,+14.063E-03
-2.850000E+00,+13.672E-03
-2.845000E+00,+14.063E-03
-2.840000E+00,+14.063E-03
-2.835000E+00,+13.672E-03
-2.830000E+00,+14.063E-03
-2.825000E+00,+13.672E-03
-2.820000E+00,+13.672E-03
-2.815000E+00,+13.672E-03
-2.810000E+00,+13.672E-03
-2.805000E+00,+13.672E-03
-2.800000E+00,+13.672E-03
-2.795000E+00,+13.672E-03
-2.790000E+00,+13.672E-03
-2.785000E+00,+13.672E-03
-2.780000E+00,+14.063E-03
-2.775000E+00,+14.063E-03
-2.770000E+00,+14.063E-03
-2.765000E+00,+14.063E-03
-2.760000E+00,+14.063E-03
-2.755000E+00,+14.063E-03
-2.750000E+00,+13.672E-03
-2.745000E+00,+14.063E-03
-2.740000E+00,+14.063E-03
-2.735000E+00,+13.672E-03
-2.730000E+00,+14.063E-03
-2.725000E+00,+14.063E-03
-2.720000E+00,+14.063E-03
-2.715000E+00,+14.063E-03
-2.710000E+00,+14.453E-03
-2.705000E+00,+14.063E-03
-2.700000E+00,+14.063E-03
-2.695000E+00,+14.063E-03
-2.690000E+00,+14.063E-03
-2.685000E+00,+14.063E-03
-2.680000E+00,+14.063E-03
-2.675000E+00,+14.063E-03
-2.670000E+00,+14.063E-03
-2.665000E+00,+14.063E-03
-2.660000E+00,+14.063E-03
-2.655000E+00,+14.063E-03
-2.650000E+00,+14.063E-03
-2.645000E+00,+14.063E-03
-2.640000E+00,+14.063E-03
-2.635000E+00,+14.063E-03
-2.630000E+00,+14.063E-03
-2.625000E+00,+14.063E-03
-2.620000E+00,+14.063E-03
-2.615000E+00,+14.063E-03
-2.610000E+00,+14.063E-03
-2.605000E+00,+14.063E-03
-2.600000E+00,+14.063E-03
-2.595000E+00,+14.063E-03
-2.590000E+00,+14.063E-03
-2.585000E+00,+14.063E-03
-2.580000E+00,+14.063E-03
-2.575000E+00,+14.063E-03
-2.570000E+00,+14.063E-03
-2.565000E+00,+14.063E-03
-2.560000E+00,+14.453E-03
-2.555000E+00,+14.063E-03
-2.550000E+00,+14.063E-03
-2.545000E+00,+14.063E-03
-2.540000E+00,+14.063E-03
-2.535000E+00,+14.063E-03
